190311
144506
204079
175634
202414
214970
219130
216900
188915
219592
214691
177450
163252
198403
220600
239801
193352
183652
204972
212431
173445
175031
228644
235649
234030
192378
200782
188546
188310
190896
215083
168878
189679
217123
190872
213371
201484
216141
209549
183192
207614
230059
231460
218922
191110
204138
224817
212634
167648
180678
204433
214233
192721
218450
202197
222301
213534
167265
209978
195166
213958
200736
250513
194840
209914
185646
228459
219931
235307
168333
215145
204252
198509
217898
170606
190321
172206
174027
184394
173261
172304
179647
188412
217475
251749
200453
239766
208198
184402
202492
207064
198139
210508
197914
175431
210380
226351
210752
197512
171589
204316
183139
181128
173501
208178
204514
180437
202204
220653
162826
223163
202224
197861
190701
199695
218723
205102
177019
184091
195294
207427
191908
212893
201521
199289
214500
180735
218251
207559
222755
175822
193909
204210
208948
220802
169772
207437
197116
163620
188599
203561
221722
213455
217379
191381
181688
198105
220467
200187
202342
198810
197243
215791
174211
211667
219976
213343
247966
196156
202557
229638
183545
216647
201195
207643
226978
209032
237402
210999
210077
209037
209354
200270
215647
175645
209784
226740
241579
217017
223810
215282
179584
169752
169842
185598
186235
168999
195422
203114
245798
173542
175801
219286
171384
246535
224647
224074
217152
224540
204504
221131
230252
227433
206287
210134
200317
192379
220145
202952
218270
211564
197721
176625
192330
187767
190751
169782
195862
238805
203185
163753
182306
227862
203777
182522
221639
158931
200453
212517
191919
202076
203002
243256
201782
194479
212970
172152
179085
219838
211072
216041
188178
214131
187373
173082
188046
198627
191200
198906
206536
190587
218878
242615
201749
219939
228704
174992
176491
223600
198391
182486
201519
185769
200554
211483
172064
175369
161688
198856
229475
193178
164614
203854
209836
212797
211753
211923
218720
206011
225787
243177
184097
189283
205658
201014
182415
194409
177349
232850
166201
225915
240632
199111
178292
198076
203202
173875
211164
195995
198468
183134
193672
217387
201315
203527
166420
228894
203097
203587
201629
215334
227659
222842
195558
178629
162719
198862
219365
210375
218310
198000
216852
160051
187621
200015
201414
207580
175228
198817
173599
210036
190216
203886
206824
185411
200936
169032
168186
234773
179026
205924
185903
189039
244822
220865
192583
178384
189865
217990
226168
223384
196805
214571
198082
188005
213296
188171
214725
228019
204200
215040
182909
184579
191106
199554
220825
178529
233411
158542
184726
179901
158561
193509
190203
206064
198067
228571
214290
201005
194251
191158
186696
205477
203099
192998
213137
183354
211083
189173
165746
226342
180316
201596
189100
183830
217277
176157
186520
174017
210139
165903
210776
182656
219559
220078
197179
213781
196890
198494
188931
193362
213404
167945
202946
202323
224070
220805
218372
189219
182047
200329
247652
202176
214881
214263
241277
202359
175019
199132
187152
210967
194758
179410
188596
187888
172231
199777
207293
208577
216104
187356
185742
219330
207407
187712
197361
215849
205629
214119
219278
201507
221323
208418
188351
206038
223556
203029
248959
205564
190042
194222
231800
223863
199174
161381
208068
214562
192178
203221
200323
190161
194145
185513
201901
188203
183144
230303
231622
194874
223521
172462
179922
162672
194126
223695
226126
220076
177088
161277
211145
213391
204770
197621
211123
185810
191452
208301
201509
203308
251800
193264
200064
192276
203109
186249
217396
170824
203474
234412
209503
216835
211596
191451
173997
195340
202576
182606
203653
186153
176718
218238
205127
177404
173308
207770
197383
198392
164487
208232
195689
211378
183294
228526
185836
180927
203976
215675
202272
172395
183109
230242
221584
203923
197901
193860
214673
194791
205572
191480
189832
197847
197851
189129
195664
206847
195311
185353
214070
186138
193267
175195
211632
167481
208313
202483
220593
222042
206449
187009
183901
179489
205423
216621
175701
241809
174706
217673
205747
202068
200292
186866
176061
196786
176339
218265
182577
213088
240801
186793
221245
170022
188746
204093
233840
185993
212555
203978
210351
216183
190554
171768
215003
210189
222117
198811
227877
177160
222224
236731
203335
201892
204643
221916
198269
205202
192456
189303
218316
197216
225938
210095
170047
193877
239450
206810
225568
175768
206111
237993
221732
192147
210602
203371
177290
209811
213597
199773
161762
182479
225103
226650
201891
193264
205859
218294
147686
224083
201085
192598
176285
199589
210801
188096
179077
186531
218094
225634
179475
214086
201933
174405
217204
240772
213640
215388
161014
191028
205172
179366
218538
218734
176653
199541
199497
196430
179528
206940
183128
182832
210658
198595
211724
210014
183797
220403
215076
191044
229131
213354
180730
206315
194394
242511
229618
193607
205507
196767
193763
228945
211615
225922
166400
228496
238743
210017
205876
190358
161130
187409
208110
184324
225023
197846
231552
223852
161901
193567
217773
173255
190458
198088
182964
193967
224434
212873
215711
184833
211821
209103
240684
187205
196127
211876
214978
188618
196829
198320
213528
199159
214302
177893
192891
210385
260554
195991
195729
192409
194861
193417
223586
172887
170489
208309
217289
220248
245301
194449
238475
233820
210824
183656
204033
185169
187063
186677
207194
190257
227164
235690
207911
210791
173303
177574
211577
230086
192970
198066
189114
208413
170890
232619
228147
180777
203897
200358
200556
216686
228915
180051
212431
196290
174891
205952
192895
175230
190702
212932
199017
216057
191154
206813
228769
191518
193985
167794
225692
232814
199388
194563
198279
177098
200054
219669
200452
225600
168109
205881
243362
204604
220440
184093
175689
185580
183867
192811
211451
196599
197385
194593
196740
211683
208996
197369
171078
190672
197400
244735
227322
178949
191450
208638
185122
207211
230140
198520
214550
168445
194112
182531
187211
189777
218291
200297
206213
194801
186470
227245
219420
218336
186336
206018
203231
213804
186525
203501
229741
202823
225116
206893
225304
195270
225861
183413
182683
205780
205675
222770
202660
191599
209127
162905
202876
195359
195580
220821
186940
219841
210174
215750
201902
212501
194685
220652
221453
200601
173177
181334
207191
179925
230452
189169
199954
204414
205058
230619
199246
181008
168298
170589
194514
211698
201221
184613
191920
207343
217689
188711
213510
212086
229023
211700
238589
196625
189601
193346
242008
200952
218943
189460
169919
216477
178883
226136
184399
195662
191928
189995
194905
215378
208125
209079
194309
209690
201794
188362
197855
214668
210518
192553
204790
227856
188391
181169
152857
227478
181834
180335
222893
176548
168272
151609
211925
186440
204528
221063
185462
223699
226754
198618
217414
226400
212973
197943
187088
208840
224828
197372
227966
221415
230094
216465
200634
203466
206965
178873
241904
201676
195453
241248
211107
182493
204468
196956
205731
165443
231124
204613
224962
229691
196642
188701
216210
213073
207008
213972
210413
198300
204895
226345
197859
204194
216627
167317
190073
193737
228339
180566
208491
205516
192829
187771
153681
179220
190352
205888
187430
190109
207742
164404
204341
174741
202626
184961
138688
201594
225733
217670
229091
207256
168414
212142
217180
210185
210423
189706
191314
197549
186008
210649
211540
222160
204435
215498
193105
194290
217552
196979
191214
208211
202089
185543
220799
215525
199182
196012
182934
212792
227799
192438
194121
206890
197317
224255
224955
193042
211136
210957
218966
208021
165651
199816
201313
187140
201809
227926
214118
200624
193133
204171
242179
198441
173524
185140
160217
191907
206717
202810
200453
226878
203489
190692
196069
201155
240434
194654
216590
197053
175022
228322
215210
186754
183992
210446
205186
217033
222701
195528
194169
208037
213009
210028
199734
208562
199617
185525
201671
171208
180118
191125
221301
162204
179610
186308
198663
210892
185352
185179
195384
187582
243861
199293
205982
213005
209479
200744
213040
215898
215343
192457
212115
206669
185429
215090
213034
201044
227212
187407
175234
224270
196803
194669
198416
189046
221922
223664
212401
186897
232774
212376
212660
231295
203830
203422
195049
237436
180825
173223
206143
195254
215773
183445
196477
198413
216588
186141
206721
196590
217509
189121
148626
207914
212870
179223
190709
170466
210558
177771
188921
236229
197212
219139
218047
194673
192820
227946
222193
213972
182128
194576
190750
209316
205264
240347
202208
200272
183618
204858
209061
193901
203378
228332
206570
198445
207438
231428
200805
186095
196738
201446
226943
216818
206316
215763
191781
212408
227284
224893
220621
204441
199436
181854
219575
191953
169351
203854
192043
206306
197777
221715
200222
196432
221707
209504
168189
196176
181528
195216
191786
187890
230727
203175
221743
234764
246782
183276
202388
157377
201912
206688
182633
209403
240784
208266
232082
194051
158219
220007
207558
215678
196979
181746
199692
238008
192552
201240
209805
201815
218492
226854
190291
179530
198760
221345
225525
245247
181660
183025
202988
206035
220564
206029
211235
201746
169307
203415
194029
224761
181604
192501
185218
198173
184730
200661
183640
177433
207807
218959
184609
183661
207707
209975
174249
194247
168959
191834
186090
201815
196828
206405
199510
181362
208099
219267
228575
198996
178877
176549
201485
202074
202887
234282
211371
217685
220305
168938
217446
188040
238964
207024
194495
200872
202557
205754
222718
215254
182423
230871
256899
230511
200441
201808
194176
221440
185350
220088
217911
189535
205474
198626
187641
184003
197163
199618
208968
206681
208154
192433
184122
181716
185091
208967
199289
200704
182234
245998
208388
208470
206720
218726
223380
194273
201764
207367
176764
183434
234388
189109
194717
179115
219963
227039
178291
179689
197987
211837
177727
180743
171079
237376
218267
201148
210050
195599
170441
227771
203906
210258
205600
219969
172436
190430
207954
172996
198883
200536
240330
187704
193440
193648
183261
175905
182088
175321
173948
213758
190405
232923
205899
191606
209117
200603
197032
230545
216319
167432
175178
212722
211486
173021
209696
167175
172015
188342
217816
215530
204243
209318
182841
205522
206249
224268
215327
205960
215153
181849
207794
185620
210665
206259
204866
197974
236787
223921
179377
211973
179814
163865
176151
197548
189865
234393
178601
203944
210190
221659
195966
190562
212213
196735
201659
204964
192928
209115
176369
227551
215258
217992
201655
170531
213162