31330068
30704317
37214156
30561935
37146634
32746016
33443176
37030831
37413301
32600200
35096541
34856571
28864088
34597114
36120407
37293266
32094052
30845786
33452025
34648241
28365801
31160993
35065563
33710935
39096578
31263841
33923179
28391485
35021940
31955608
35556048
26114883
31885215
35170114
30428294
31256509
31519795
34638239
32689382
29719939
34421737
37471414
35467375
35285123
34381844
34678925
36191182
37864172
35855328
28332572
37587571
30375101
33337355
35850860
33000288
34816495
32438511
29474676
34744909
30689639
37204022
37581658
38060848
32849512
31230988
31243694
36825523
33343150
42060016
26513241
31373632
29657534
33598524
33038579
31987153
30710626
28764381
31002679
33152111
32115854
29309808
30550977
30872567
35422958
38726775
33622522
38443733
30869014
29291087
37195592
33922802
31613877
32872205
32118505
29971275
36529471
35476748
32164659
33256818
29912961
35723811
28040136
34598703
34846481
33796329
34745844
30723065
32495106
40077671
28964665
34135179
35133610
33921167
33626664
34919022
31902115
35744069
32932555
33802367
31479782
31807481
35318376
34998030
32241125
32857403
33671127
29816149
36600839
30677820
35807034
32271330
35754888
33968776
36526457
33496646
34586500
36166173
33145309
32008503
34512187
35346137
36724590
35423065
32065727
33020824
34413218
33097092
35989668
30020714
35125167
31208831
36607577
35454649
30701339
33317364
35776397
33061712
38782167
32316116
32693346
35586695
32881946
33253167
32230529
32795981
33004836
33506536
40432227
36350971
31229253
30432404
32014597
31155269
39490346
30643008
35525585
37746157
36249305
35186843
33721494
38450995
30947519
30680145
34264452
31624564
33269176
27506263
35216649
35473445
35579249
33984487
29232564
32298363
34413869
38428636
36505265
33864349
31747901
36900929
32459528
37928142
39826587
35385596
32106777
34946832
31132553
33120286
31764191
33035480
37078959
34714614
31748689
28429264
33146238
31340195
34851740
26924829
33241064
33058972
35214452
32357534
33279660
35568768
31665849
27174044
32981916
28632404
33798848
36760387
30402513
31959269
33204016
38005354
35098580
32226001
32982884
30528974
31168746
32313131
36459866
34506623
35645010
33754624
29739140
35455833
33028215
33792024
34916981
31661304
36331524
30097462
31662255
39298169
36455947
34090109
36443982
29649348
29109233
38351923
37029118
30257906
33602502
29822134
34598575
35426362
30562550
29401423
27203804
34808887
37838559
31020663
28081724
32388392
34633104
36827011
35388123
32611756
34445308
32339696
35535971
35165048
29364644
32957338
31394843
30711238
35787395
34520726
29108691
38977457
26774937
36647169
36220052
32149137
31231626
33471013
31504011
29158532
33135467
36385461
33274469
32992551
32349070
36804987
35797899
30093514
30995612
38276192
35133084
37700441
33531699
34232344
39652374
38298952
34024165
35476507
30885532
34733405
34341017
36847632
33708673
34504483
36091800
31156029
35402494
32536740
28796888
32794342
29919963
32790478
31392222
36017016
36583665
31897852
35280179
31283127
34645271
30385937
30592325
35649523
34491363
33600758
31787291
33952413
39300078
36364760
33432714
33988604
35387030
33691126
34798887
38366460
32943805
37063076
31441783
30403154
33746448
28559705
29475471
35027803
34745161
36656236
37366494
29191615
33126909
33983473
36687146
30122125
38053767
30066083
29087018
31665019
26478060
30678730
32000047
29731536
33911968
35597265
36808307
33665758
33454190
26757855
35266578
34424110
32958495
34116306
33315275
31522850
35938240
34181070
29418222
36443904
34317731
34895828
33798895
28462987
34488008
34294140
34587362
28836549
33195111
28144612
36054858
32618623
35905512
33762569
38731754
34616434
30939791
33862326
33239019
33454257
32297094
26602732
32973195
33263001
35923955
35277352
37390868
33213700
36899676
35380939
34831171
34774690
33987015
33959022
36557045
33355326
29160645
33883287
33457696
35541821
34277195
30194997
29943518
31894983
30737461
36945063
36433650
36717767
37916864
34123842
31405244
37449240
36965566
31541039
34266366
35829981
36241713
34365149
32441129
37512356
31713396
34446412
30682386
33535107
39294889
35665674
41263068
33090331
32229270
33975341
34462225
36293511
33446856
27687981
36049950
30277642
35757048
32144688
36280597
31824419
32749184
32284057
37841717
31966228
29692234
35216616
34814192
34291683
38948353
31250728
32319467
30374012
31756984
34675014
36325507
37012336
32637517
29483431
32959307
35941542
32069462
34991369
33599182
31426247
33316096
36826276
33038682
36829070
36831520
34413779
33381364
34708239
31881190
32263920
34418402
29770777
34344486
39742209
30531558
33084447
36211748
34166127
31298279
32348744
35527292
32015645
31166117
34322339
29719027
33091655
35632842
28665333
30851233
34830120
34411595
36661956
30755945
36075815
33783148
31457441
31174026
34663553
30423279
33376269
35694041
33869093
33760866
30434315
30095431
38253705
37053572
33181810
36273000
28989234
36163368
34227079
33875651
34142724
30024375
31845925
33830288
35121208
33949401
30797183
35036225
33093251
32560277
31083604
30840539
32288547
33276781
28366409
35762034
34781433
36274077
37669357
35594275
32756299
34044862
33962248
32546131
35868547
33084477
35733928
32644915
36180049
34981014
34880662
30993317
33512769
33215212
32535308
33033263
33747942
31103328
38505792
41440863
33767991
33883205
34358910
35651448
35526014
38993992
33165678
36498035
35500915
33908970
33830267
34467802
33269087
34514195
36153451
35730322
38246656
35679272
34215972
36269365
34283547
35629321
33545460
33119203
36476104
33256280
30013786
36153910
33239365
32983200
31234289
40152945
33667543
31813068
34658965
38804785
34476209
34905698
27903271
32459653
36949512
34492867
30594590
32895406
33900698
27357977
34617106
36453261
31905820
30243866
32043065
37074671
36887548
33496534
30381273
34449959
31635246
30121449
33799646
34549738
32565092
30714335
29972122
33425022
32600522
29168751
36039690
36389597
35589343
30268782
38352914
33861637
32431134
39077393
35626391
33349726
35174566
28984566
29868846
37548707
33764283
35203448
34743539
32502024
32379991
35483528
34465318
27577909
35150262
28717691
33639345
35702810
33360152
34580427
32140952
35322104
35009285
33684422
31230414
36748697
32830317
29350297
32084004
33827922
38839479
37099862
29964798
33775043
30073173
30029947
38887185
37156539
37242469
29130745
37267980
38375633
32345100
34871815
31179978
28290832
30226455
32480487
34906268
36012604
31781624
34888208
36321909
32192477
37232316
35585978
27564006
28233861
30921628
31523154
28198677
33902774
34166895
36505210
29705559
34936675
33549841
36621687
34396225
34342966
35971286
35854865
32064833
33191798
30562146
34669936
34965474
39146570
30295854
31110100
34312786
36824701
32374353
35305022
35885808
31805632
32975681
34931209
31097401
29804283
36051907
34090083
36545901
34865729
34781185
37259256
35861768
34034598
33650704
36918901
32612718
32069964
30694913
38276475
28605554
35433282
37146670
34644308
34963462
30237145
32585487
32547337
37439823
35212415
34537428
32564360
34570983
30070379
32370682
36584583
34668324
35838815
32337408
35914735
32975502
34133219
32033706
34474099
30669595
35709001
32037833
32090988
30142101
34523246
36013353
34316372
35280898
31455902
37815311
36640723
31718610
37526467
33386994
35321004
38469162
34323678
35821446
34686667
29232662
32046937
37853648
36158429
37439168
31946572
35684204
39359951
31690832
32283404
35527929
29419840
33173843
32952334
35376196
29307233
34338712
36247258
31111936
33683789
35315577
36740938
35047263
31180423
29967144
32638145
36106521
37755702
32458205
30199457
31902037
29692341
35061072
37207246
30741624
35499296
29755985
31892061
30744595
31613759
34420032
38066914
32519775
31925444
33507119
33702287
32095856
33195587
38823289
35146470
36718237
30303094
32714305
28180364
34968866
40312101
32776441
31879469
35632066
36888949
36023561
33335629
33124650
30829375
35690550
35506891
36053633
30694316
35770929
35720807
29371051
31048476
31924680
35112006
34697680
34250691
34563013
36862285
34746567
33930458
32588185
32524937
37877426
36717603
37092709
25854804
27078958
30607901
27646437
34922920
34895072
33948222
33866030
33916073
32700730
34192768
30541778
30855992
32243571
31983036
34426880
35072238
32284320
34778888
34875477
37737089
31849605
36884341
32709798
33995875
34821482
40456216
35721614
32429618
36202179
37749749
32135964
34207199
36326250
31846163
37359820
29407829
38901517
29439502
28794185
31468573
28673325
33657790
34272999
35682338
33209752
31490655
34950211
34913069
35702775
34791738
38854842
33091124
35738524
34335592
34860260
31553271
33685080
28823683
34065361
30145920
33955971
33990182
32545078
30255178
25935296
34416797
37508238
33540386
37433550
28978578
38347679
34576738
31893604
34816540
35213324
33382973
35523512
30340993
37317821
33990984
35114970
37533974
34392623
36385104
32214515
30704285
31256905
33014794
33370341
35352908
36766619
33618873
36936339
33378810
34225384
32887547
34754303
35638561
34077446
38223974
33075126
36485019
36776293
30741971
32399880
37424925
33678487
35989145
34403619
34578162
32500184
33530672
38649163
36575741
33234855
36540756
27305693
33813565
33504395
40156839
32997390
35571124
30826520
30683872
32872932
30383246
32539673
33481319
34854631
33884076
30764117
33989950
27011561
32463862
32957357
28092803
35013915
28215905
36948183
35394466
35265398
36685907
31831925
31277587
35206426
33750342
33420832
32026372
32221945
30097919
31908965
31598308
32506503
35165200
35140447
33750975
38579168
28262272
32725904
31533068
33156213
32658716
34210246
33042607
35363793
35484397
39588622
33006555
31971059
30353398
31248073
39485841
29289100
32892272
36588643
35528929
32820838
35813566
34641723
37014041
34614942
32545667
33922719
30055127
33169442
33041925
32699412
35711620
34094017
32048724
30967906
32705952
34441983
39970728
32016375
33290297
27656774
28932191
31636176
35756313
31819088
36905987
36600956
32037659
30157412
30148102
33653160
36747942
34190254
33832748
35034068
30656842
36273237
33531543
33147013
32728866
33724365
33043011
35218244
36955355
34074705
32295890
31809638
34744751
35226840
33662096
36036834
31307701
28379514
32148484
27784068
30308749
35486390
33873528
31759837
34674641
31708572
33656661
34006007
33026642
31300010
32237896
31408708
35923896
32112427
35609300
37335595
33181230
34083143
32181479
34015683
33164869
34389506
34717776
34030831
32913951
33410243
37008110
33846870
36133316
34410721
32953149
35348610
35268544
35969788
31198130
32614710
36172160
39503261
35383510
35026747
38193830
37001329
32235504
37928455
32591374
35620322
32336035
38164441
32463811
29889971
34571787
32371126
34423138
30798239
33195505
35910356
38505582
30546118
32789834
33283558
33914658
33122423
32432823
31902025
32738358
34019378
29640597
31901605
32784937
27746077
31593993
37228502
36515557
39455595
32868716
33201101
36201663
33479069
37204772
33541719
38442477
29795282
33896913
37420179
32926197
36008515
33201666
34787197
30656531
32041314
35107698
31977050
29790529
37275636
32748735
33885481
30958722
40682502
32890943
32312844
35185475
32195773
38632147
35355243
36134695
35059976
34532936
30958752
38195964
35641418
37668112
34922809
32808531
31342034
37258536
30307804
29052817
36135884
35597776
33748406
32732894
33897275
35359823
30550147
35848296
35766095
31782630
35366413
34351432
33324056
32295855
29364919
35224674
35855905
34072573
35021396
41273713
33281045
34087601
34692238
33520642
35593392
29374795
31255265
39182527
35018670
35560296
29722406
28544041
31922973
33545804
38485209
31600221
34166465
35114423
39193878
32721895
32633070
30816237
34834779
38712972
35286381
32287797
31645441
34579729
34734056
37686526
33533844
30787693
29682726
35074003
31601090
35366286
29399200
36957346
33388220
29492163
33092074
32490528
34648267
34036680
33412377
30416147
32183634
30311219
36078955
33107175
30840739
36677886
34681907
32614555
31658920
30515335
31761224
27041417
33782278
30785781
29425960
31459903
31764281
34335566
35023370
31558941
25428656
32709462
32944067
34972933
33599854
32493799
32188280
33217763
33229374
36005577
40871985
31383673
32705600
34127766
30478704
38189872
32947337
36516097
35710581
32459139
35467401
38783638
35379569
37006979
36865909
31493683
35323813
36463533
35037876
33461577
35666951
36117188
36970524
33283754
34803847
36049222
37663417
30569956
36556355
33366949
32762145
33249246
35942894
38724695
35237324
34017691
31854951
38472373
31733749
33118000
34864509
34533607
32026376
32293206
36342209
34894041
36697150
32591528
37167245
34362832
30317854
33510892
33195382
34678032
31829852
36809902
29419215
33833866
31034322
30860096
36576219
32030260
32672537
29189074
36818313
31542444
33852040
29505437
38384373
34372612
32098713
36163915
35958966
33720086
37072378
32823250
32414261
36188396
30069816
30974100
32441057
32647522
33616611
31484029
34514674
32868055
29948538
33992794
33407983
29907332
31050871
34120212
27614282
32830399
37535372
33923098
35335845
31990751
37122876
32081797
32732590
30683887
37515896
36619487
30856450
33260912
33919319
32291483
29270281
34763041
29541713
29902229
35183307
34205173
38250110
32897923
32596999
32708476
32170250
32088593
38031830
32976356
35444805
35577606
31220174
33803656
32165627
32583716
35172803
37034807
35305183
37578975
33158259
34152156
32646757
32418560
31785900
30363942
31286044
35530762
40080663
27178548
35007180
33651596
38308961
32996737
30771553
40092169
31615845
32837391
37906859
33908943
32792462
32205445
36454113
36011674
35307966
33007018
26365781
35130434