66361179
70706288
74553420
71771726
75977852
74393922
74952395
78466111
78687029
78157210
75228169
69418592
58885626
79360150
72985625
78301295
76194014
69522930
75888898
78717422
69771066
67813028
80852681
76905189
79902283
68031316
70514959
65517879
75415694
78026294
81835937
66316766
73121048
74317665
67473571
72391476
76021508
77110978
75209244
71969569
76680307
79679104
74113246
74530363
75246313
74986046
74418726
78272065
77222720
66495784
79081412
70977366
72748069
77546823
71378221
79379596
78438904
71190192
74004358
74340622
76035691
80399357
77908283
74474122
79848298
68583531
76082893
73853567
86896310
60472164
70171211
69143709
77651494
69454828
68682791
71063956
61665518
63972440
77248815
75757190
67721705
69368607
65020641
75896878
82823743
77998493
79205796
71329059
65641893
77016269
72440355
70837773
72611628
76007640
67178283
75461808
77615249
74943422
74407616
70061915
80395052
65872554
76687176
72362279
73134177
75462026
70705834
70085314
78457384
64321713
73288017
79890512
69563498
68690217
76298188
74839617
73597281
75666351
67932362
70784658
73128442
69471526
81644098
73969577
75739795
80521833
67936610
74709412
71236765
79571052
71093384
79184009
77513159
77206293
74612669
71221285
72926723
79626348
67202769
68779428
75319846
78161243
77198152
74814477
70708352
65751981
75424194
80389081
73449988
77895493
72017255
76773335
78652782
71849335
72670660
79737979
72990085
79525494
74783081
75429240
80475433
73141440
74362211
76189692
69866699
72729366
73783618
84658331
81541306
70672240
65642392
74946367
67427907
77570812
73692550
71361257
77677114
79164805
77357396
76521439
77733965
69441900
64806868
72331816
69540667
69937449
62445858
77521641
71322560
77507004
72839960
63602641
68311369
70798565
81306748
78230085
75268807
74698315
90626249
78469373
76714441
87703262
80389457
77618157
76297000
71453557
81485735
75477349
74340762
74590697
78528059
65629382
65931463
74964288
65078865
71977516
63779823
71930923
75644897
74490007
72423352
72172575
83541535
70749917
63840551
78822399
70254621
75294319
75986023
69441743
69895061
72550017
82502300
79081076
73901019
70691571
71025139
72140303
78467249
72652943
75303102
76001937
76728446
69987819
74296959
72982528
71431326
73037407
71646556
73946350
72458145
75697069
82625151
78235966
74456469
76105757
70178196
70289670
81951535
74792106
69286556
67082308
71549533
75052080
75751250
68284614
65840196
63702266
74712880
81876358
72512165
63419807
74067726
74245337
80441500
74886262
72216406
75490217
71835854
77361286
78353519
69479283
73634878
75001914
72730570
76234722
77057561
66665160
83343586
60940924
77774348
80627709
66611351
65312446
75077091
71190206
67202265
76212733
77845369
76244524
73167850
69656100
77368370
72035764
72301033
69683896
82133634
81163899
75485341
77903247
79829618
82516968
81254682
72265479
73741029
67387470
75917310
80811628
81506446
76116458
75771352
85148187
70936223
73424438
76685523
72020444
72816165
70202968
66130139
66796006
79233262
75521184
74437511
76201526
70874738
74314608
67976823
68105808
79557812
73525134
74616556
72557684
71652374
85543608
78272934
72216209
70608278
76088473
68125095
75129129
83437060
71090903
78496580
70305949
69270032
77516576
66701217
74002690
78333755
79474378
72884694
74509080
67376480
73062132
73731219
80049218
70789002
81162075
72117392
68830021
68770613
62269458
69925311
73198899
68490898
71501111
76509483
77042189
76369847
70318557
74907258
78539739
73980556
74555456
73107686
78645905
70998285
76931646
68025561
61932275
79421520
75076684
72462156
69188762
68454692
72383871
62599578
74102672
63403481
73966562
64923398
78174093
74999315
80761955
72705983
80030957
80393565
70378739
67788385
73822638
76610579
70820048
66306607
76976783
74448289
78422609
80185221
84863586
73292447
76515920
75211629
78972051
78749907
77522535
71956353
78969267
71077281
63558165
77649544
68968103
71222648
79840614
66772774
67936491
76194481
65141898
71215042
77088744
76556648
79553821
68275401
73138178
79478122
78378676
68722805
79495510
77883479
75014608
77238923
74733095
76492406
79576444
71909762
71691673
71749051
84329556
77919120
88856189
74658329
69857911
72071191
82675368
76336502
71662102
58704713
78995106
75941510
74636736
75724940
74615507
74227227
70464568
70515739
74789799
78055250
68749725
82138171
83752669
79538864
78807915
69974280
77989587
63632412
71903505
80347722
75883727
75285247
70593767
68404677
76782148
80550828
77227484
72143357
70421993
73072921
73170396
78275860
77577238
79905844
76047014
69768282
77255189
77767821
77080983
72583327
71008919
63598266
79048185
82345402
65749557
78076003
73549415
75374663
71277044
68593324
77502967
70641421
68347036
76707540
70862853
78383578
83628282
69224038
69399034
75282128
72272202
77658289
66942644
77645111
75696448
73073913
70631956
79030014
68066892
72316136
73888989
70604599
73488242
68121718
65365705
76814741
80385367
78592865
75362783
69731624
77806712
74292658
72962731
69477188
75674791
73179938
70751506
75174723
72945238
73920505
73742346
73420434
69691246
72183156
73415635
70781172
75041368
66211941
76347429
79034722
71574524
80248932
70536001
70919457
72355177
73621776
73842658
82723313
71879438
73256531
64065392
78041960
82249630
76748309
67710817
69027555
68566858
73514396
71688641
71486769
73918132
79912972
85560542
73500374
72646586
69798863
72503182
76004983
83587840
73434804
77871394
72213632
73365870
77059366
71209358
67753068
79834355
75750687
72070806
75946707
77479925
67814495
77204700
81033475
81386204
73977164
71698477
79695150
71856593
67257011
78318399
70395145
70888568
70348378
79421504
76420672
67982759
76173426
85983286
74526189
75996283
69401553
69980660
75738121
79030481
69941753
74010094
76117140
65057754
76924847
73844474
76755586
68985711
75706027
73352293
77870419
70983016
70332332
77565291
69071922
64584529
70875771
71690783
70011253
69997801
66516199
71849724
72752168
66663600
83581341
76050808
76945913
64311565
81487401
80003376
75241606
85881141
79349448
76748811
74459329
60878234
73737210
78101407
75184642
78857835
77125903
72078910
67535902
77717619
75909133
65776385
79317546
70102894
78457971
78961432
72553407
72924119
73053143
72761329
77597788
65829486
71519603
77911117
74939833
66255045
71573242
69929688
80068787
78929451
70437268
78818356
72222841
69981945
78742513
80469181
79124033
68655992
81340716
78609836
75351866
74449668
70362944
69103475
64986291
76348706
71004476
77849196
72386860
77339891
80984203
72757890
76553848
75355795
65958560
73523102
75272534
69566739
70866634
76012186
75509099
77183482
71735898
76254689
76593602
84771437
72450229
74013450
74481980
79168474
69403428
75444409
72039613
76644446
79567765
83216229
69472495
66434596
80355954
83388426
70530982
72838940
79799800
71029053
71482302
79818099
69941500
65713037
81926047
78857327
77814576
80761116
70294807
75069051
75410145
78398692
68870603
80759640
72079596
69159261
72123718
81881522
65704659
73697919
78430244
71338454
77530279
67395644
73473137
68807824
84939292
75992989
75403348
75848285
69776553
68284605
80022146
77537638
68593154
74296865
76222404
76563738
76929991
76597346
71189429
73920313
69767569
72011057
70780186
68837099
70687704
72822063
77967689
75163547
74110744
73841820
78965820
77214865
69860232
80620546
66114330
75631696
78763589
72130977
79507664
79536205
65891027
73806016
81552143
72046598
77653043
67337425
76583118
83088127
75343605
77818053
77081048
61844008
73133727
69566006
68793587
68753694
72839736
78277854
72950402
78090689
74615464
76146250
74203394
72801093
67155369
77598383
78358433
78277046
69853083
71129385
67183729
68191386
76521817
78262760
63483299
74234410
61624030
75765047
71531624
67768987
78125663
84457709
78479861
77221490
76761885
69980581
72383470
76246483
80420104
68410604
74728794
74484484
70380749
62481050
74095143
78913005
76241253
73540256
79266849
77291867
76315246
77886322
65823330
68825300
76295349
70753671
86753174
69428936
75632835
76898674
66908566
69879723
73689929
81278099
75302033
72865765
76955262
82427146
73924598
73122448
69799916
71753879
79935107
79533188
79774262
64932553
63434034
64063269
63859456
75785490
76855499
76255822
76641385
73917740
72311232
75186775
73071798
66704855
67111217
72427796
71494032
78720212
65154401
75287668
75608775
73452007
72233401
76830018
68814032
73760867
77213565
81494239
74925533
73010152
70961586
82343582
65452390
76893423
70137151
67683179
74029055
66619130
78861288
66678802
67183744
69173816
64152986
77582229
72734363
78816862
81385477
74036795
80759139
77304896
76492650
79324283
88980309
69533672
75651737
75780518
79381500
67969046
72857898
64350277
80628159
67978905
64161869
76798385
70125079
65523607
56687647
74093689
80468566
73073163
82382225
64360085
77276950
77778039
75571739
71997762
82496895
75779447
72941058
70872392
73361407
73395852
78161640
75826037
73580145
79116001
72244645
69215222
76461811
74259338
73278966
74695260
78649997
72791485
80293274
76884740
73171848
75181411
75011663
75659400
72821116
84378707
71022287
76564913
79528258
69890419
67128853
77014270
76618364
83622103
80534826
75186608
67614382
70501915
81172799
75906184
68450115
72759534
63839160
72096366
72846359
80790763
73409129
74169559
70721508
71810426
77716221
66830875
70437661
69910215
75813032
72292342
75427841
76998312
62084871
69341299
63368797
71363680
73764324
65692501
72949043
79389175
81484870
83305175
71038673
69370749
74191131
72823725
77451617
78339829
69596940
67228070
70236884
71341401
74628297
81443231
78543429
79231808
76848238
72983583
68921349
71388403
77125755
69766762
71871523
73109414
73074772
77278127
83951681
72571632
70428210
63859867
69848951
82838100
75263306
75043495
71508150
74119276
72410425
73487176
78140706
82439165
75054042
71957504
78681392
71702523
73870180
68870382
76412843
76515093
69728751
75828913
72325299
71551261
78846797
84156577
71147654
63748137
67090700
69772913
70842939
79355226
78135392
74654472
75468232
73973960
72942314
75197026
70522325
83703587
75912650
79242136
70461534
68591082
74213669
76559580
72537616
67132701
72685141
71968078
79011845
78266934
72340762
74792386
74525165
77705874
78099493
75474491
70799834
72970475
70070671
70427767
65081226
69491489
76835191
76260767
64276176
70748435
69394288
75946562
71096667
74880597
68316513
74036176
67377927
78840301
69382209
72312664
76350563
71436025
75808215
71538988
76522243
75849075
72166173
79182497
80875558
68826702
72184137
76392224
73542240
75819927
66384064
73442042
78656134
72846300
67420308
77774419
66780215
76884061
78556956
80020045
75645030
84187542
77963738
75787467
76849592
72681046
73692892
73310583
85897018
73413258
65953581
80795706
72296220
76130240
68684406
73271275
74726338
79661901
69718676
77732963
73004564
75860613
71947728
70488090
70933711
77596006
73942449
71792070
68094341
75922673
66331446
69889997
77647104
83605668
77989866
77774096
72145612
75887583
74567620
79580066
76117517
75684394
69950915
74977340
79000116
71631053
80242254
74582377
73625494
71867332
69055119
75014454
73514261
74860830
79882057
72351480
77500193
71452257
83344616
75802416
68363389
74106466
71015246
79229536
81724675
73293593
81769361
76176466
72242185
79612719
81286357
78570909
71766356
71858736
68653559
78163372
71290388
65415999
74337803
72390035
78194206
67379332
72104348
71079888
67784184
82112477
79994584
72305125
72608223
71335452
73226543
75146064
72630593
80554253
76922839
80223517
81169153
89606416
76092024
77357124
70556954
73112118
76949307
68106757
73679151
89530004
79398961
75496681
71692304
69962510
71430118
73922231
78205265
73002417
70315858
75047742
79402914
67209134
77262648
74351486
75170699
77774388
77239516
69611502
69933726
72636710
80654142
81261938
76197721
70478568
70205301
75872554
69379734
76569978
74225332
75073706
77748984
62424208
75745522
72029425
72482461
77796568
71217937
67748105
73106294
65972207
76007233
71300154
70249733
78406159
77258082
73434488
68838125
67578381
72567026
64506820
79071505
70797815
73275538
72723594
73928064
76460795
74678488
75834025
62468362
77005910
74083712
75076423
67859476
69851258
71708467
71578608
72553429
79190957
83777968
74495876
76581524
80265990
71050274
78507483
75939879
82819951
75395899
73856422
77987374
80762392
77810962
75363280
80475152
64405643
82836571
83176910
79422479
76574787
70329350
78973359
74273473
75564541
81059213
78960417
79558413
67731261
71099731
67210396
77266861
75433047
76820636
81697343
74600554
72242363
73097736
81179034
72763533
73638934
74208863
76772857
70038689
75096162
81268558
76970983
76387302
77857505
71767726
76107012
70473326
73196421
68119569
79402452
69427855
82876937
74828142
75396031
74478361
71194158
84442554
70197046
73659891
72200960
80977224
75667041
70413628
67967465
83707034
74639080
73086701
75109993
73635763
72548203
84298662
75018673
76013304
77959799
75535830
65909181
72380587
70389679
74034793
67214830
76139491
83569276
68493470
72867172
73392350
71271507
72500057
75003764
68553265
74987097
73802204
74937826
75690559
77578011
74180198
71836589
66213867
71076599
80713067
81620977
66382006
69127588
72283887
69778676
66334978
76427115
66470381
67991799
73722208
71642710
80378852
74038445
71984190
70699094
68737768
73070957
78764424
73885369
76103095
80230037
72086189
73111596
75221573
70318881
72180167
77055724
72572048
85877491
72418983
72960335
73203538
68065306
70348687
66969718
68725267
65619677
81973202
68474219
76302633
72198215
79334602
73488453
69944872
87351177
69126626
71630428
76708211
76570916
72000133
68639678
80542419
76780081
79694991
72284407
59350274
70417616