48946307
52754432
55425014
51123803
55225129
57142708
56431726
59712315
57527543
56272619
56866885
49936283
47193638
58868858
55704743
57828203
52103634
50751242
55148482
60993145
48344386
53091219
60873414
54971379
59212420
51358555
50591691
48082367
58421330
56384535
59487401
49039671
54604534
55386911
46082921
55893581
56790034
57109679
55543700
55575388
57428066
58339611
54479389
55137724
56510733
51965709
54286551
60122387
56203956
48818466
58520784
53869638
54097809
55667316
54241938
56845896
58269322
53851736
52651362
55393124
53999347
58790381
56968354
53712412
55454920
50984789
57631042
56377264
61867943
46651776
53143242
50662306
55178262
56317047
49232043
52907983
46835236
50203719
53827755
56258676
51049093
49647280
44514514
55891524
57340342
56489386
58253628
53413581
49168149
58325348
52164345
52995811
55078653
56887554
49684414
56067021
56276845
55838321
53912184
51385799
57356545
46333463
55509282
54071071
55911625
57674685
51545708
49583994
59176275
48490660
53585625
58488879
50830402
48885151
57158212
57305568
54103214
55783599
50533660
51647177
53873049
51625101
59371785
56562619
55222564
57622339
50834197
55047354
51683887
61162414
54467564
57287049
54850803
57665781
60579410
50370511
50391241
56672403
49949802
49739799
56041105
58065202
55863398
53985184
53166705
46810346
51728229
57817320
50386048
57884674
53934151
55597722
55708670
54224535
53724579
58576382
53069147
61103212
56092660
54189695
59316798
51438991
53064433
55156214
55270368
57057240
55910504
60952713
59052727
49866102
48277926
54926360
52493621
58677439
51177091
54825320
58620533
57165345
59967564
55548087
56540366
49339696
48271277
51527699
47187501
55086137
45009479
57777478
52052055
58223479
55724462
49377020
52820582
51709745
62319985
58170556
58156365
53818924
61188603
54366972
57430119
59684492
59069807
55575317
57912379
51045150
56824642
54900480
54783100
54747276
54014391
47464137
48699613
52270210
50465459
54900866
49747762
52173813
55531053
55535408
52043613
53490180
61165838
53983399
46957729
57155031
53995590
55103948
55846228
55555330
48538597
53406825
61326890
57633474
53308102
51215317
50744132
52806288
56475972
54539348
54301705
57042742
56798892
50540017
54613850
57095304
54490772
57893647
56166558
55236371
53730004
53367012
61917222
57729245
56766503
54111217
50397416
49261795
60772235
55048457
49827222
50438817
51873011
56676086
56544486
52956768
51498373
43513160
56052876
57858635
53857483
46787556
55597472
57258893
57801702
56371532
52405455
57747472
52808854
59592415
55377639
50486129
54002465
54197060
52504916
56884684
54535600
47951549
62447484
44841561
56043825
60301736
53169885
47406200
56521681
53702010
50161397
55236708
57079510
54473100
54721262
52379985
55585693
54683766
53117317
50120408
62912891
59045615
57883756
57672349
57994587
61708267
58768555
54576472
55258710
48449533
55212040
59453518
56952563
55367498
52397840
64283675
51982361
53429623
57077308
55206696
51408351
53785770
49411200
47673248
59749676
56647467
55300340
53877591
51825974
53922812
48361492
53307489
57679390
52265312
58272296
54599091
51096414
62841951
58566803
54948074
53067528
57811925
55273849
53384628
60555733
51592836
57937078
53782829
53707719
58821855
50139238
55250859
57407755
60280331
55438356
55509351
49074705
53460160
51586647
53045124
52452747
60392699
53314320
48324056
54163161
46822289
52784895
55635089
50510697
50135135
55915381
55603567
55891605
54120527
55302417
56925216
53739696
53712554
56550367
56035882
50811453
56046739
52406913
47132031
59483291
57467468
53141550
49353998
50571617
57280810
49572575
52308847
48136754
54846828
50116241
62140071
54326612
59879936
53669951
57347855
62097455
50824462
53007202
53709682
55938966
55463909
46066866
56382473
52869052
60100926
58590532
59552585
56244029
58443484
59306652
57850537
55881863
51521820
55754426
56418769
51899713
47101132
57994974
51673113
51853332
56359415
46560531
51461152
56794163
47966816
54701993
53819503
52119138
59015761
53472296
51997461
61474406
59826728
49546737
58636449
55610064
53085967
57845533
58185357
56983924
56698721
54537619
50737419
54660634
60729897
58614220
63484106
53479631
50185943
53398854
60275638
54564830
50633187
43020446
54857831
56426846
56753261
55239795
57009064
57833206
52641606
51966439
57956916
59936186
51670259
60974063
57562748
61164623
57956553
51350550
56468402
45763335
53573943
58084592
57435489
56939855
49931861
50160579
58588065
57347232
54802305
52925051
53544374
51015191
53839243
55355054
55090666
60579336
55168170
51163929
58845480
57260397
57517751
53594733
55494912
48649520
58075247
61442835
51283902
57472309
56425403
54873475
53620918
48799398
58792660
52758109
50552819
59527530
50212664
57848868
62070367
50936396
53071538
53108464
57166198
52330063
49594385
53799076
55451356
51654401
49431906
57199182
48907900
52696604
53020969
48112041
53724515
51578622
46910958
54712043
59016494
57918640
54545702
53087571
58542743
55689027
56833392
54208662
57506544
50048717
51689525
56656572
52910707
52914637
54129759
52120449
50824536
53398357
53724493
51739415
54953029
50909598
55287748
58886790
54425865
56589081
53571894
49312399
53874084
51644729
53585424
61354153
54315143
52946873
48970629
56861952
58497983
58275383
51565473
52141915
51066199
55617091
53440433
52461798
52640939
57810374
63325773
53220171
51570388
53226045
55883673
58590186
65961610
55010580
53821768
55980751
52350925
61267965
51773872
54386320
58614972
58138949
55126975
57393849
58117680
50530610
58149948
62564340
60544951
56030107
52319492
60195962
54919329
50109925
57059399
54821413
54058589
51905794
59592546
59292833
52090003
55180322
62952215
52061443
53891899
51878491
54244445
57985698
56772107
54566965
55271825
55011449
49532181
54211070
55039535
54389538
51980209
53271927
54437242
59168328
53761348
53653062
57605902
49712717
46875807
56815850
53052645
50020884
51571187
49923315
53665349
53530514
50572926
62425121
55457016
57534314
46292808
58052934
57673509
54159317
59333202
57712630
56606800
57404267
45789167
54272874
55062853
54390296
58573351
54694697
55815663
54764243
54397945
54129866
48006151
56303079
51488248
56732754
57136787
56934036
51926249
55765680
56335936
58387732
47506479
55363482
57614760
55537562
50137428
54103222
53325217
58296788
56397277
53345257
60867397
50279906
50269429
60017821
59005199
59611866
52373444
61576833
59605544
54456387
56112023
53898272
49060521
49830499
56714623
51967850
57605591
53260115
56992986
58132097
51157287
57952555
57947884
49390962
55259065
53496156
50603044
53432905
58524676
55694453
53992774
51924210
53594974
54565056
64746152
53731851
54859507
54161389
60405545
51629999
55676648
53118802
57988255
56497362
61475681
51903997
47447129
59047719
59441259
50161802
55069093
59668322
52198516
53406897
55533411
52311886
48408824
60407736
56443918
57680339
58822540
52488255
58445083
56313514
56667222
51348367
59235025
53035831
51326267
53144029
60373657
49826179
54436263
58319949
53890919
54663386
51282973
52179935
52371995
63275050
55784584
57547340
56595221
52741761
50575913
59402768
56447172
50642345
54708087
55385163
57586662
55498632
54605951
52605781
54110556
50001632
51875112
50316663
49459451
52789468
53312277
58345329
59706075
54845638
52186173
59810223
57361978
50873039
58306968
51891894
55382343
58713585
54557373
58111310
58780965
47110721
55419208
59012144
52003112
56407083
49053975
54504614
60681765
56874115
57229329
58303234
45402770
52500750
50938358
49100688
52483567
53735856
60723771
53517373
56382104
55824373
59212927
55042141
53128315
50045920
53914474
57540762
58153041
52344846
53457196
54791391
51488823
54931279
62910705
50455898
55431800
46705054
55528868
53119944
51812111
58956668
61145487
55623865
59927227
58652730
53212682
55532630
56732563
57363132
51390120
54263925
54150270
48109396
47470939
54504071
58495233
54685896
55187738
56560429
56437543
61307611
58509131
50171027
50766135
57713465
51750996
62833754
53923812
57088118
58407142
49102940
49029831
53808205
59161676
58276207
54525951
56416549
61659313
57607790
54051323
54800969
52265128
59727744
57853471
60084597
50537537
47205505
48828043
48817948
52211206
55733474
57189817
57917930
53542075
55744707
53792140
54443526
49281026
46927049
53001377
51924191
58900228
50590395
55271713
54580489
56550024
51995715
54805329
51294932
54524507
58790671
58205096
56203811
54872662
52019358
60432035
45011372
55614910
54908381
51153436
57038637
53705114
59560951
49785867
53039137
52742516
51303539
54454687
56116561
55477198
59323307
55442344
60894442
56116034
55734909
58112775
64845204
48711531
56278378
58184683
59417582
50308204
55239107
45698398
58697970
50472033
46971965
56709285
52988643
49797778
45743394
55018405
58698548
53593287
60343779
46892658
56791754
55239458
53332325
51782506
56586066
55618719
57007772
50330664
56118073
54762112
57358725
56862955
54829044
55952971
57553565
49244848
52765971
56252324
52808847
55027341
55062949
54519488
61597086
56422342
57156764
53580068
57829129
54275484
51507911
61216692
53431409
57519023
60082167
51250884
48309456
54631466
59159412
62610218
55419046
55577601
49329854
48609536
59942215
54726046
52601701
55399557
49357573
55858683
56927849
59583243
53740849
56985535
51480688
52751837
53955655
48340997
52156140
52740738
55996097
54481998
53700190
57857597
45631606
50554879
47957821
53526331
52556875
47451086
53784281
57382972
59143300
59385015
53927524
53600885
55290213
54486560
56262976
56545932
51944925
48224522
54730909
52934076
54135304
60200488
53179528
58077946
59702782
50153083
52406029
55103219
57773812
53637187
52595199
57408862
53277265
58502700
61737017
52970757
53695970
49070831
50530389
59772422
56069654
54966962
51109978
55145321
59025193
54628298
58946421
59982252
55589079
53027371
55618797
52159544
52494023
53090489
57326237
56279642
50963757
53113537
55882913
54475149
58602399
59823579
54088050
48099471
48802578
48775676
55369657
55946665
57938158
54986019
56784825
53789137
52835308
53781195
55612655
58324099
52111585
59118717
52914193
50689717
55756396
58141862
55184114
51853253
54858738
54875980
56878515
60360422
52294125
59489445
55388268
56484588
55867964
56989057
53737323
55920088
50318016
54917956
50215272
52877122
57985303
58829223
46567564
53525010
49728789
53173008
52517814
53605192
48341909
53920135
54458883
61632176
51724176
50862702
55666491
55091414
54695381
54539952
55475608
55843702
54311462
58999327
58184447
50911266
54167746
56859267
52760037
57196660
47831147
54490015
57806740
56869921
52871920
56987956
50537273
56503741
58282187
58762355
58112619
62680254
55069504
54636523
58576295
54543822
56601327
56963443
64245503
56462883
48897811
58472939
52821157
55860302
51620275
52650778
56298393
60965512
50677656
54681398
54524490
58226777
52071774
49331343
53113324
59876123
51682514
49825181
50247737
56487716
50819035
53970053
55758275
59180815
58162479
55742363
53612041
55960069
56100257
57325565
55507812
57715163
49769113
55009010
57709895
53656619
56400916
55688518
56082352
52769009
51327424
56394110
54356736
53942315
60514862
52747535
57725344
53424659
65744806
53987413
54005696
55820244
55618770
60638777
60473006
52454964
61969697
57057174
54540166
60723655
59941239
58232503
55543781
53254121
51245540
60664848
54647280
50513687
51639335
54031723
55564889
50599674
54473867
53098195
50505627
56345127
62207878
54632055
52810492
53001366
51819458
54960240
55700573
58047900
53531719
58260331
59305319
65361333
54252316
53304886
52897774
53130894
55417394
50929437
55872830
64807294
54830831
55570884
50136749
53486916
52545371
53157738
55897536
54807478
51309322
52845151
57112882
52798243
56228464
56550972
56781570
57653715
56451671
53544405
51895522
51141218
57442741
57784731
51874465
48930673
52465591
56385782
49935969
56844128
51295812
53558782
56573071
49922251
54652010
54433491
54884615
58246945
52478567
50968115
55447624
49246371
54139933
54679645
52368188
57362086
58473871
50551497
50841345
49608266
55541970
47945342
55203704
53136681
53514337
53824515
55497020
55079275
52388548
54083469
42891953
57409282
54437990
54557301
52848061
51303831
52555114
53249519
53017310
56254796
61821647
54214769
57580916
56361269
50237380
58209854
55200379
60121399
52380370
58143521
54077314
61172351
54670257
54960226
57195742
46670487
61492935
56742493
61582590
54733229
56055991
56609899
55822884
54384196
57975983
57671377
58938614
50563950
51794878
49743111
53844472
55532006
57017169
58526777
56608596
52126648
54947483
58821991
53932224
52559375
55155684
56241313
51071080
52661349
60079279
58930969
58356114
56610766
55896630
56433762
53526534
54456095
50113499
56968658
52920268
61527912
54189052
57956965
53240336
55407589
64725978
51794530
55160660
52935411
59802753
53754069
53142093
50944191
61496796
54010382
52651630
57157108
50516507
52042957
61663288
55264515
57267904
60577025
57274925
48541664
52158993
53381751
56035015
48543021
53071953
61777635
51536818
54975108
55250433
53581691
53045038
54670844
50363970
54099932
54437607
57598989
58524198
54532017
56214280
52277863
48245932
51451097
57345966
62084960
46596808
56106780
52652167
53088419
50693677
55051695
47531841
50274415
57409688
55034291
58375376
53345722
54243015
51872954
49099539
55933318
55629711
53176393
53528768
58035185
51421738
51829330
55405683
53353259
54764699
58779994
51646172
64520131
53196812
51347110
53830689
48445043
52705502
53142311
50351865
49645832
61195341
52862093
56437971
53471093
57176143
55359406
53625301
62374596
49719371
53671678
56112308
55076905
55656154
52780132
58177396
55827272
56520715
54730586
45283433
52432681