56980
51962
57876
50578
61304
57374
60801
71272
60948
55939
64736
55988
48761
56952
70662
71068
59328
54751
61384
60552
50492
50535
62346
72992
65715
49685
52491
57532
57809
55529
64416
54763
56126
52164
55740
64942
57472
55196
56941
55761
66568
66469
56892
58920
48826
52641
66671
58151
54670
50546
61376
52610
63397
69259
55898
69728
63791
42869
62380
53376
60770
55891
63411
58126
56532
65591
63695
60836
77025
48583
53724
53787
63596
59993
46907
58508
44535
50188
59710
50780
57424
56650
55332
57845
69094
55078
68733
57455
48966
58812
58145
57836
55078
55857
55693
60161
56685
60411
47089
46933
58123
52026
49768
58088
60918
69693
52477
58730
61263
54733
61699
59685
51084
51142
63073
66120
55540
59600
52373
50614
68846
62391
66357
55956
56050
63953
49934
54936
61440
60303
49635
53781
55943
62164
64292
44077
53053
61372
51831
58228
70166
61559
55153
65799
62787
54426
46396
59016
61555
64288
54385
50651
69564
52198
62675
65155
63702
63354
59538
61045
73473
52007
58053
54728
52255
64255
73406
64495
66584
61278
57654
63081
49060
68018
61566
68887
58768
65770
59512
56729
57945
46099
54858
57578
58346
51873
49215
56926
57539
69819
62516
52531
63434
53769
71622
61937
62713
61601
63234
61352
59277
64127
67148
54612
54093
55615
56281
63116
59956
68399
54089
60638
52528
55832
52615
63818
54959
59479
62773
49678
48751
54874
62786
59801
52566
65526
55726
56460
60234
62856
52672
58522
69888
59468
61512
68449
49021
55952
64779
58987
73642
67268
61646
58493
55746
55288
62798
56506
69527
70082
59541
64418
70775
58507
58958
60993
49338
50274
68197
61981
53622
49438
51201
55619
60865
57310
50065
48177
61715
68309
51314
50367
62243
65988
62227
66540
59546
59563
53670
61443
69676
58908
56973
59500
60795
53833
61503
56442
66157
56540
65832
64896
65514
56525
58668
59002
49214
60815
56303
59748
44687
54103
62662
57534
53277
49582
73158
61586
61892
64327
60960
64810
59525
57653
53074
51999
65023
62586
63391
60582
60800
62230
51534
47517
60237
55331
61626
58443
60303
52892
61757
56796
65430
60248
56581
63054
45419
53456
58184
53303
62138
64677
59904
74893
66498
46186
54039
62293
69632
63348
62392
52649
60550
60358
59598
63252
64056
55860
68111
61554
69522
60721
55156
52967
56321
63250
57630
55591
53417
46053
52281
41039
56968
59359
57727
59093
68942
61536
62806
54278
60743
54387
60086
53719
50319
64762
55814
67698
56830
46657
61266
50230
61599
52232
48238
57143
55376
58094
54093
54490
54349
74796
60478
66659
59965
61011
72570
54312
54322
52537
58420
47941
55473
63308
48910
61579
65167
68138
58105
59231
63900
60986
57660
58875
61144
59444
51944
48654
61451
54717
64696
53085
52595
53112
49287
47954
65836
47911
63544
64673
61617
51076
61389
63782
51446
57331
60729
55332
64097
60366
59212
57781
56597
61971
66035
62471
57425
68873
58421
51654
61910
75787
70580
47752
42743
58063
61375
63730
59267
60049
52504
56093
55972
56952
66988
53983
60713
74098
58715
65324
54492
60631
52112
53214
67855
69227
58594
51804
49342
58867
63720
62657
58559
53597
54238
53874
59289
58808
59628
60527
65466
57712
58789
65080
56129
56018
54306
64394
73211
64474
61286
66394
55251
54678
57529
67276
59669
63137
65026
53703
58987
65328
50576
60133
58535
56128
57295
56313
60167
61517
58591
55521
69283
54718
52998
56089
58269
59952
50643
55051
67954
66503
58768
56722
50379
62609
61046
64258
63958
59987
44329
69489
60399
57815
57157
46518
66209
64191
50356
58017
53691
66132
50540
59667
58128
60205
70984
62846
49396
60118
51997
53993
65384
56642
68772
53302
54632
61553
60843
52608
54072
52076
57046
56769
57884
52457
62368
71931
61961
61491
52418
56251
64082
62824
54397
57161
64365
63118
68873
51832
51963
60712
64190
58633
58583
60918
43685
64952
66372
59237
64257
57263
67053
55163
57889
58676
57041
59539
57032
62308
65215
50164
61840
71150
59561
57179
40801
61614
63477
62120
63302
58818
53933
54719
58673
60419
53450
59168
60514
61815
64509
55601
60339
62831
50964
45052
59795
69311
52704
61644
58986
71333
56880
50500
58043
70675
61188
46900
60470
63036
53930
61409
65735
54904
64978
55053
67222
65741
56660
60659
62793
57175
50779
50458
53125
57396
74513
53536
55404
64802
63991
56332
61179
60248
71443
59964
58865
62217
63061
49485
60672
56050
65601
67889
63442
62125
61676
56608
62311
55167
65724
54002
55214
65923
58742
48891
49834
53813
61365
48417
54015
64364
52163
64520
63138
50710
67012
69598
56309
57074
59549
46032
58341
65851
59791
68026
54747
56886
51418
64338
56453
55009
63716
64041
56958
56984
57559
64105
62033
54192
55249
58203
63630
71067
58794
66618
54173
52747
59467
60529
47905
50823
62402
65713
71696
67739
54594
69585
74094
63108
58039
57492
57720
54320
54973
69879
53729
62599
61450
59372
68570
59317
51300
58679
69591
53883
63861
55233
61847
60890
61101
62880
53526
58561
62716
68164
65217
62953
54199
55590
52693
60979
63518
53548
51098
61089
55931
55104
62070
51887
74210
69449
57425
60501
62387
62436
65768
68381
59931
59784
49094
53119
63768
54074
62414
54140
55072
68057
58106
63782
57998
45398
61897
54911
62067
56670
61377
64255
52196
55029
66790
57450
55473
58569
59028
48748
67051
67063
53721
52816
65690
50593
57730
72509
59988
58479
54666
51179
49844
54144
64355
65513
54922
62558
56017
55023
58128
59584
63976
60469
60467
53477
60256
55450
60044
76792
56813
57275
61055
62605
58009
73021
54343
61025
69328
59624
64776
61508
50970
58993
52261
54414
56775
60253
58312
62015
61048
56911
62898
60918
60117
57735
62246
64742
61845
41478
54584
66606
53940
59747
59304
59201
62770
58942
61778
54255
47868
51485
55492
60409
60887
65601
50804
61213
62094
58173
59813
63230
59938
59929
65945
60266
58193
65189
53677
63379
53030
63560
55611
56646
60503
43144
66528
43123
49208
58004
54655
50897
58095
61329
66021
53106
53305
63526
56994
59249
71821
58073
58851
70735
72085
61075
55536
45525
65751
58370
53667
65916
54036
48775
50738
66148
52995
64431
57081
53127
65360
62208
54093
63393
54417
59967
68167
61276
72742
66393
62779
62372
62694
66149
64246
51785
54091
57628
44409
65430
59661
48893
66734
67604
50272
51251
60410
68374
56902
59776
49656
61528
66533
59385
57452
63399
64069
60448
58166
56332
54386
48167
67060
56502
57220
60587
48229
61321
69118
65794
52031
65209
58889
53341
56498
45564
59582
61280
56523
60060
49572
61713
56909
57540
54256
53557
51167
41223
67828
60808
55553
70356
62129
54413
64661
59181
57710
67352
53406
57006
62209
50661
60127
58312
61871
66593
68620
56552
49853
61305
56014
55554
64427
60765
59822
60845
59721
62211
66976
53680
57967
64692
55834
60877
50159
59866
66558
57405
64870
59221
60892
68627
61582
54420
57995
62890
57122
61792
55697
58150
62967
51589
64276
71133
61673
56746
60169
52798
50947
53458
54182
55765
57902
61316
48286
60444
58610
60847
60371
70070
68951
49339
56705
65798
48661
55877
59846
55368
59530
68027
60878
66630
50405
66410
59584
68311
67319
63275
46242
64039
56028
64085
57396
60171
56335
56766
54966
60509
56926
55417
49250
55839
53355
68585
63495
56852
63398
59436
60163
57588
55533
68241
62917
65228
65532
61495
54962
60235
63797
67058
51664
57664
60400
52290
49631
57932
49234
65765
60713
63919
51690
70161
66976
57561
63770
59658
66568
61079
71874
59820
53000
63361
68862
60117
62834
54713
60674
58542
53056
54817
59255
59368
53262
51504
63119
68124
63921
50348
53377
64169
45355
58040
66386
59809
60387
60976
55321
56679
66895
70231
56941
57252
58845
62027
55486
55102
71709
59266
63398
55952
60350
66003
59291
59780
67450
56901
50930
55185
69259
63635
54368
67686
54817
65455
65879
53523
56758
51966
60008
69245
58303
63752
59695
65625
53672
70924
60693
43666
59550
54089
64578
64465
56616
61159
45154
67377
70279
55019
57555
56256
58346
46297
55279
66782
65822
64302
61925
78085
49149
59388
50129
62300
56777
53556
63000
64123
61585
58267
52179
49725
56677
54272
63973
58258
58417
50582
67739
58423
53729
48359
61725
59434
63677
58613
53223
59942
67034
72973
63125
55901
59265
62390
60010
58943
51507
64255
62036
57008
59447
53887
58767
59842
52398
53324
60417
60240
51720
59511
52446
62147
60183
53421
60958
55483
56497
48255
60442
57303
54189
58302
63752
61756
61133
54819
41706
59477
55859
66425
57847
61415
53545
51196
53359
59608
70404
54530
63183
58963
57734
65962
51189
72504
62183
59120
63672
54153
52059
61942
61445
47928
66457
66037
74406
50401
53108
56885
62056
62787
72817
67714
59673
57790
58918
55574
61729
60253
60929
66279
66391
56488
54324
61393
55153
57663
57869
57404
66286
62509
64525
60801
59113
65361
66606
68686
56704
62043
57066
56777
56330
68198
54267
63805
54227
54027
65168
62977
46443
52154
60837
54851
57881
55908
65763
56525
50262
65768
57305
40733
69973
47542
53522
66877
57116
43064
61502
62074
58902
63240
53213
71874
49728
59699
55181
60257
49982
64004
49667
56745
62720
64121
60793
57539
57225
60153
59285
50455
66721
73302
47917
62995
56111
58498
41293
57836
49547
48392
61762
60620
62343
65624
59328
60002
56331
50844
62057
63487
58518
60086
54262
56891
50401
60255
56409
60230
60169
60986
63567
54229
61555
47581
45712
63269
56060
58282
66664
43847
58750
49901
65226
52059
57159
60522
44715
52238
56275
56558
70646
52760
66220
53632
53738
62850
44435
66225