87610625
97144333
95427991
93614450
101980597
96178726
96487197
104793740
102487532
98084012
101389427
94541106
83573253
107939055
102350382
104257545
98770646
94537522
102525653
109813195
88343212
101149249
108804214
95521960
107328882
90274337
90945418
84546649
100864763
100378141
104557822
81320268
97481564
99733394
89979038
92352940
103956276
95846047
99179811
98098889
99357894
102584080
98626163
102799775
98500274
96564978
94866687
105810971
105953781
89194731
100841784
93966640
101835213
104141633
100537482
102303606
106174342
98156847
96281071
100262075
98209824
107628849
98940522
101237224
101978781
94628041
97889785
94933022
111095326
85271458
95053750
89849316
98349155
96744099
95198699
93931157
83713708
90307502
98542719
98887038
95114753
91498649
84931935
101500309
111803028
101308370
106069695
94226781
92971860
105443850
94436908
97328867
97340235
103156147
90785992
98048922
99987350
97405561
93515756
90966288
103133104
88067749
105117284
101841756
94859725
100411731
98687277
95310083
106805491
96889593
95567465
106601730
90710693
89986912
98751700
100469130
102929268
96635014
92545271
89662489
99823456
93308600
108580256
103741347
92674806
106845044
86517680
100400451
92473947
102503161
94303898
103671554
99771352
100889705
95906808
98692271
96203794
100241759
91863975
89768907
101187762
112282713
100547020
100523694
96685924
91801036
96223658
106491745
94296384
104980810
96031330
99551449
99439302
98159121
95500704
106244188
98409582
104539582
96776909
101069840
106630855
94834518
100408483
104475336
93446216
97008807
100000011
107310032
109501785
92069679
87637097
97876824
92814794
103703899
100102330
95029482
105496029
102774384
100737202
102115155
100542294
91488331
87851799
93454512
94205176
97916520
81761524
106489555
96333210
103866487
94123247
89515551
89886352
93362223
107704022
102771094
98553797
96619896
114791366
103080557
101333705
111332550
99029135
97901324
98110038
96091048
108712854
97739661
94265237
99690568
100389573
89446986
89585732
99360352
82351369
99191174
83991742
101552538
99692270
97750320
94241656
92827565
107030413
94801878
85047574
106004015
93905757
103572412
96982809
93436880
91208059
94905979
106656709
104184911
96803537
92481261
89844460
94029602
100841439
101436309
96724339
105253886
104145377
92901224
103257426
100498053
101610407
99547066
94255943
92435614
95646806
98174835
110948575
103378537
94447380
99203957
97589948
87022897
109300851
97152949
91965512
89290833
90309337
101103677
98405032
91394267
92018644
87443746
102071543
106571314
95318743
84600702
95938609
100464003
103092594
100352194
96963686
102376163
93756056
105334638
99942958
89039500
97058713
97438536
97745369
101349923
97788236
90552436
108001631
88401459
100661111
107842713
91178909
83591932
101299309
98050062
92016269
105061137
99306701
99404454
92847711
92447274
99064573
100087816
94637634
91198881
107495736
106111750
100335447
101123473
106382543
107145697
105076297
100527344
96731362
89203871
99845288
103960866
106683008
97977066
91736911
110593862
93121090
98561707
102148351
98574802
94540767
92544945
93166112
89300858
105618142
98943151
102113400
98866856
93791645
101222190
91018569
92302858
107358515
96518992
98459449
95469896
94046556
108899114
103791639
97953121
96037406
102115713
99858935
95880941
111461218
96972119
101940046
91442321
97231598
101183928
94026703
96687897
99285835
104418531
101861848
98633996
87852538
98185542
94450389
101481285
95380185
102846414
96037970
92345445
93101599
86768826
93348234
99000067
93146692
96209734
101710633
105260983
100622773
94307737
99822114
103002856
98306927
92089123
100296890
97296574
99212469
99979655
93073401
84147290
102555395
99438121
99031073
91750172
91049349
96662662
85469122
96617218
82262109
97521834
91393267
106218185
97159795
108409898
96122505
107319261
109763674
90632173
93156624
99256893
99272817
98289005
88215962
97723162
96123145
104032902
109017396
107696860
94747529
105187635
97802935
104512540
97559106
97088293
94914311
100366569
88969891
86001410
105758076
89727196
97504127
104140413
87965907
85036326
102926326
87219693
92371644
101914058
98747570
106037320
95917511
94152138
107792577
101281487
92665787
105425413
102000385
97728771
101380474
100991437
100752761
102335939
99049372
95125771
98022838
112070221
99650942
114853092
100083925
91369306
95917509
107359891
102921295
90854015
78987618
95953419
101656844
98213085
102176072
101706399
100723176
90357492
88776134
105556128
100946704
88420558
109364789
107344571
107396020
102411718
90496923
97619450
83069490
93392774
103250933
103097942
106006107
92564369
90603700
100812159
103422869
102147489
96976198
97253444
92885240
100191740
103737641
105825326
109447286
97104633
92426961
104914503
98999935
101175522
98896503
93839018
85099499
106318197
109518840
91291296
101341676
98995563
96273626
97639137
91946270
101519599
94574442
91733762
101440049
92263230
103360316
106983949
87888289
90674485
100379635
96349401
102052452
93392088
97093294
97442975
94180310
90757550
99558328
92061125
92557590
95081052
91751838
91924967
88756981
87141314
103512072
103885120
100973199
96415607
88996065
99684191
99336337
94563901
92250544
97156596
96449010
93844062
97116083
99824257
99950390
97108960
100903363
95037358
90717057
98922437
93235572
101002999
85307213
103418730
103833879
99370357
102019156
99446031
91213011
93651520
97312167
103536247
106541781
97577574
100958726
88593138
104412733
110040965
98901202
90761178
99763476
90766989
96301848
99329373
96778747
94925087
106074550
106066896
95638494
98419543
86833729
100350517
106659874
110342511
95284384
102660665
97896310
101374159
105205884
94526866
95018551
103656600
99006030
99170572
95986176
107194507
88276619
105104697
109360924
108192828
101579070
98671324
104997493
95040366
90761033
100063384
97213151
92420266
89962938
110327909
106317003
96225642
100299736
111936348
97419595
101959742
91993522
92442702
94940776
106218527
93549291
93643283
98538045
86332766
99586655
98098886
99162552
93208444
98902061
95540570
104729325
97403137
98732366
104787725
89991122
87675499
95531462
90933475
86667881
94951387
86606309
95254006
93590681
91651258
107627984
100184151
101855789
82837230
109881343
107487639
96497131
108785574
109136812
104264404
100344028
82911338
99063174
103642738
97454612
101143162
102590348
91587638
94217896
102247778
100207562
89202301
102061326
90284490
105050791
100344726
99114788
100550945
99100631
99221146
102633169
86283304
97257852
101970853
101718180
89386304
99738528
91420078
101588793
108860795
89586979
103407136
96631550
93303795
101421245
105440112
102613384
85956865
105086700
103313300
102830834
100195274
99426530
93432080
88450599
101545948
91028633
102638849
94898742
104129981
101125313
97310217
99565705
104770024
88264111
99014731
95295552
93231347
94973195
103484868
99747010
98493937
96431284
97854472
103925255
111919412
97281959
98732149
100853732
102859518
94971142
100144753
94579130
100600121
104393255
106466662
92519321
96072631
103897975
110685310
91291717
100297131
103536006
95418086
90956440
98314357
95971265
92409785
107608186
104994758
102506245
104069015
96282676
101573188
98689087
107189833
97297508
104334814
95617096
90085751
93350164
108086320
84008582
101471865
103195338
96885609
99389999
90965538
97858036
90532822
109687812
100009171
99328708
100471941
96101167
90722681
103491473
100421508
91743257
98493879
102979015
104362650
96188541
100879676
98050255
92890196
95224508
94117447
94891185
89660440
95811891
98290053
102101739
100432518
101345262
91742795
103640499
102047647
89820547
104828491
90893553
100509346
105544663
97962934
105628416
105160285
89802964
92731998
112067602
94604746
101975566
86190678
101693923
104711759
100214601
103187244
102818265
83205585
96613123
92109507
92736684
89995021
96903016
104010054
95139412
103137956
100347004
104652745
98479349
93778987
87787516
102678895
103172571
104868590
91397275
97166811
93453526
87186382
100730437
107514000
87019237
101427125
80092923
95972336
96368132
92663268
100624900
110820928
100720055
101939019
105069858
93303295
97360863
101897713
104587088
92391999
100786318
96162184
92738706
88440094
99905074
107340038
98037730
105560120
99900569
105948401
106139264
103876237
88142290
93017569
100449351
99011473
114935008
91869444
101202761
103051510
88903533
86930421
99528843
105079000
102770394
98337310
102391576
103485697
97811807
96041525
97165819
93535631
112641575
103706513
107468763
87841531
93252674
88800815
82710061
97048519
95280823
102173973
97431009
101601529
95686682
97455778
93432090
86722243
89787696
97273755
95195446
101338816
88745099
96510111
100512363
100098489
97190209
99828891
91607075
102221477
98213059
104935477
99608232
98118258
96719124
108020394
85682480
100706374
95597151
86972336
98133261
88490457
104809719
89623245
90533951
89336872
92359914
100217537
94633040
100324142
105883700
94627503
107913893
100499124
101226690
103075268
115434464
92601669
103780552
97991825
105682550
92736746
96958582
84368928
109562601
93908875
88975725
103091510
101421572
91096824
79060719
100358578
104851191
95276221
111308688
78975079
106474554
99046137
94520060
95858474
101504259
101172117
103008823
91887306
99475241
99057534
103481947
103368361
99137275
103212851
95807882
93621489
95700405
100162967
95201866
103611972
96708767
94666629
110496260
101109425
92415884
95814962
102053055
102245296
93244768
107905054
98465017
101298966
107760845
92100029
86490523
103280570
100251268
107644940
102446867
94220082
89696429
93824975
110861810
104289207
96988783
102303891
79701019
93681511
98210094
109523932
94898691
102967024
93110702
96528402
100300342
88190838
96280132
94534858
98000079
100163737
95968212
102210115
86858396
93310458
88951050
96705440
94578511
85602571
99092038
102637410
104991354
101630318
98834752
95540035
99952657
95569777
95801441
99781142
94739771
85901957
95655672
97228690
98034599
107522655
95842967
106713855
102090342
92169966
96453899
98996595
104595185
93389533
102858038
96275665
96669068
101969562
106646778
95750705
98624275
89142887
93110841
109360675
101396333
99003753
94930233
98101306
100320826
97108436
100243458
107227525
95925924
94321961
105151953
92143210
94689848
92020736
100576692
101213152
90811311
98581208
97867154
95728470
100811876
110110246
92540563
85062756
90507635
88071191
95707736
101973107
101523773
97305410
96775870
99278353
92543318
97219470
99860332
106969611
98471881
98802223
93926440
91647982
100357789
99013369
97947631
90952848
100148068
101727526
103503108
109008196
96382175
95772671
100769342
103718798
103673625
100814748
96150506
92368698
90343991
95011540
91591807
88755259
101532140
103042213
84595584
97849536
93045356
101384619
93704967
98549685
88828104
95418181
90112804
112487150
92311336
96908321
100619861
101009519
101732789
90259964
100698821
99172781
99077190
107955969
105547711
90872528
96454536
97297403
99233651
95963689
83147909
95085159
104837838
98807771
94348538
99919268
89984575
99160088
103498826
105110057
100447650
115158298
104056827
103852648
99635598
99323190
102341114
98421040
110400294
103874268
92711801
107677529
96900577
101238581
91189205
94955111
100120932
105920235
92282738
102210556
94113682
103297429
90810110
93819711
95257792
104580477
94702422
93487624
91402244
102005421
88609388
96790372
104154999
108916314
108105368
102680548
98754153
100015974
101999602
103581832
101413422
101643276
90805112
95695377
100873272
93563076
102689633
98438402
95627142
95321367
87181593
101207973
101975461
98355185
101425797
93956099
106397639
98659673
112066872
94645895
89059723
100093264
97456924
104655760
107402763
93290494
103324367
106270990
100942923
109590383
103950480
106119245
94466055
93345745
90146007
113579365
93102609
89768721
98821896
94319525
100804621
96048894
96259417
96981235
85219577
106666533
107862347
96690726
99321606
95393621
93522901
96362582
94226287
105488045
103725080
105068349
100885315
114765600
100198274
97489111
94277785
98827389
95417988
89550711
96168709
111359957
98606332
100296672
91930861
97098797
92596041
93293439
101202505
98760421
93055595
97728066
101251767
89134196
96130929
95181144
101885717
105814137
101902398
90875769
96327523
95941640
106906165
102133141
98641763
89721324
92269388
101152115
89233598
100612243
91679204
96837156
102764379
82860285
100387797
95821638
98883295
96669801
96647401
98353429
100905272
92213143
98950684
98110130
98448171
102706698
104074986
93577995
96191121
88619351
93946172
87902088
100448048
91768544
97847846
94892164
101409197
100344257
98597767
101471232
73508240
100111914
94545188
97813710
96201613
91130486
94774666
93020461
97633411
100188032
108933191
96067427
104421860
105041300
92067984
109656561
103911585
105314745
102061812
99319659
103087969
107337794
102007587
94024867
107616852
84922436
108350909
108640559
105987810
99370254
93259235
105019426
95084736
97163218
104905613
105673211
107355661
88411964
96092098
96684079
98711948
97516964
99120469
109273531
99737379
93766869
103173277
102972846
98247802
94654784
95095044
101235767
95499756
101854933
107018923
98394892
97432407
102919241
98107928
100511928
97632080
100690595
90604369
103472802
90587362
107909907
98359731
100835826
91675992
99211445
113208973
96752731
95595817
89697118
105258340
99591287
93140730
92486127
106290561
98806049
100202556
100685039
96017218
93903761
105895641
99749216
100986973
105526192
101239082
86005769
90068578
97700979
97671401
87066976
100179004
110078618
91977668
97883520
101332810
96479743
92085853
96065636
88147559
102047942
96361622
101661035
109141751
99015339
97896018
95756566
79062120
93815826
103434532
109759626
87729752
96445260
95314943
96204118
89872822
99124261
87176518
90082674
101748346
100048813
102571667
96032451
95581211
97363257
91148077
96056197
103541042
98412324
99556723
105510895
94997064
94839493
99646795
96959501
93555666
105569758
94966446
109066571
92717266
93263752
95353803
91535816
94500575
89599340
91176822
92410485
110238055
92132679
102739657
94765908
102247691
100418358
94078351
113971349
90412584
93917900
102728879
100362496
96992113
96100002
108379624
96400229
99977148
101393044
81741558
98575340