59447
52560
70808
54644
50952
75740
69573
67320
64137
71228
73179
48808
60797
61040
84077
57536
48387
59290
48816
53637
44068
77289
76658
59278
75346
75844
52518
60551
67896
60175
81562
53339
63175
64537
60022
61483
73938
59516
76705
63437
71493
73587
74896
66547
78604
61666
72554
62415
71565
62779
76188
57476
55070
63486
68767
61452
68795
62697
58202
63705
69280
64281
77527
57534
49837
71639
72234
74838
73597
58696
57763
48068
74118
82323
62158
60422
66768
68079
51977
40866
52299
47545
38691
67703
76192
50224
80951
62880
66959
66994
85633
56198
73566
62738
71541
65134
89630
71335
69623
61147
50311
54951
59179
65899
54976
76395
60497
58893
62820
59246
62605
64700
68356
55473
65222
80403
79772
68712
69210
61547
75857
66297
72124
75924
64541
67679
52737
62345
49473
66293
47236
64444
72616
66878
80326
47553
61995
54679
56337
58032
73873
87191
78743
82115
62476
68804
67451
61104
60153
64626
75256
70257
71599
61280
76822
58284
70064
75425
61998
58952
67213
68157
70947
65850
53331
84134
81270
63369
62624
65184
65767
67368
63768
81206
65361
75127
73873
90148
69064
58545
86452
65440
47288
57512
69349
58564
43689
55703
63656
91218
51606
67643
58821
63502
93867
82628
78835
48636
44539
61445
58543
67602
73544
52279
56288
76441
66168
64999
67288
81097
44689
53839
51369
69563
71818
65457
66918
51350
69275
64384
60072
59375
90160
68457
50667
58079
57681
66188
58270
69594
59402
64506
81552
59529
58264
62879
41460
66613
74932
74935
54855
74079
65854
62346
71664
56763
64611
87385
74271
66979
61719
66177
86225
71198
78742
67889
49157
51802
66523
61255
59754
68246
56131
69693
64903
53256
53299
55130
70011
65311
64120
49816
65419
66766
49538
73338
72806
88713
67429
73945
75286
56663
68462
60093
69283
68263
63614
60858
70666
49018
85164
73041
72107
40896
72222
65247
54827
77440
53631
55834
58121
60475
51893
73991
57692
42736
95754
59528
61606
54474
57229
77136
78350
69676
67393
57995
63976
64603
58389
64866
58637
73993
55787
64309
54879
54489
72415
50256
81208
49967
68376
72446
63339
60046
63964
73807
69987
64299
60835
55828
67932
56668
56220
76835
65682
55352
70466
69975
86009
64876
77309
68014
57296
54568
67869
72958
62900
60146
71079
65481
77927
64779
57545
63904
69632
43362
62492
61989
49048
52983
57228
55631
59665
60672
57798
66950
65047
65218
62558
48485
65240
52772
74226
61572
50489
64592
59954
66439
65831
44189
74284
52398
70344
50815
38785
58423
75761
48271
60581
62115
73341
82201
73254
72441
70097
66045
74225
51826
63531
67284
48522
71189
58784
72052
58627
78811
66574
64636
52984
63299
61043
60764
74522
59829
68034
70716
62353
63843
67627
62710
66160
59397
58328
51872
63008
55816
70507
47523
68875
80297
74027
57766
87087
70138
76286
47460
64758
59059
70774
78923
63192
49491
77145
63130
62196
65743
67395
84650
58908
47324
70596
65377
68228
58168
54254
39479
66710
68583
59558
64835
63011
65661
55741
75715
62083
53302
79388
66182
67006
63287
57528
43502
69233
52641
52517
80832
66052
57515
52127
47429
61420
51560
72056
59220
48807
77248
62573
71257
63502
81756
65330
66546
59947
59071
62942
73316
46783
75200
77247
70601
61752
82999
54156
50505
43682
62198
62516
73385
67511
58881
74345
54090
50781
56518
66516
74598
62484
59842
57591
80000
53822
62140
68501
54775
47251
58195
63650
60847
52895
46673
66794
45518
62469
80740
57964
77094
64448
66700
70764
56269
55668
72317
64128
61342
73005
56963
58563
55449
58282
55540
51639
54895
58143
67994
84311
69547
59029
71112
47523
64270
61367
68441
55386
52782
71536
64506
68636
74336
56530
47272
78077
64869
67299
58751
79809
50071
61668
81318
46972
58302
44204
68922
62507
97538
58670
65045
71612
74102
55957
51172
62340
58229
75055
59980
70880
72698
66393
88413
52432
81278
58332
65550
80317
68479
76408
53463
79098
74679
59073
84347
67067
50666
65095
79635
55673
57131
37442
63432
83032
59228
75151
62942
61642
57286
52221
68263
70465
56625
33813
70690
71627
58149
65706
60456
51588
58708
67777
65247
56680
64812
56658
65015
59798
65201
73290
91248
80000
58995
56978
73709
65117
69519
76464
70543
63989
72643
63268
64498
35248
74659
62393
57230
75927
54919
49383
51526
66039
63623
63605
63319
74917
66000
79310
59243
70609
59823
61446
88807
81223
58392
75955
46728
72177
64008
62195
72657
61628
57660
85875
65339
71175
53700
69669
102284
65509
60794
81010
47954
57403
59838
59947
70856
61146
82656
63002
42102
72258
56271
53784
58146
53017
63744
67428
83711
80842
75511
46777
60869
64297
60403
75452
57368
82128
78509
70702
68174
61751
88394
75853
76120
62332
68433
59262
76791
50695
75401
49560
58555
52712
71540
52896
56894
69682
70617
74487
79469
56735
76424
80612
58231
73479
54981
58400
52461
52182
69931
62433
76300
85701
60153
66572
78080
71523
71625
82426
64153
68975
78524
76775
58081
68014
61371
63102
72368
74092
69336
73427
71910
72301
55364
67948
61657
73047
67136
58387
61523
66856
74020
80723
69054
70647
68319
71161
49412
74166
66634
77743
73326
66625
67603
48332
50759
73602
65770
72447
50604
67698
68325
49989
62975
70331
52677
53609
65452
65476
67896
68670
57481
45956
51818
84841
72263
69498
71988
57055
41565
70838
62181
55933
65475
71293
53369
62847
81948
77609
61542
45156
51590
54723
56887
50007
69831
54911
64273
64365
64982
83681
70012
70517
54121
53478
60854
66725
68596
75907
79320
55151
80971
61974
71449
67094
84893
69905
59539
60649
66109
52380
75610
58855
71459
64851
53004
65773
69782
66300
62828
74547
56590
76648
65457
69916
56550
81965
60368
70005
55735
52997
57684
46071
73596
83146
71903
64124
65483
67102
70889
44009
31811
55888
67043
76295
67777
65979
81700
63610
71510
61016
61440
56497
73089
74348
73697
68527
64434
72765
68635
67624
73092
71663
62344
84143
63440
73093
56005
65296
50869
62147
62921
77358
63108
79048
64474
50734
94083
58975
65534
67766
58914
61836
73715
69200
62610
48237
57692
67374
56908
56904
78072
66896
52557
70225
67141
62405
59593
60622
51248
73565
75287
54475
75121
70954
78664
74340
56417
78994
62724
67165
92552
84630
58236
76292
70248
46951
74069
51539
89425
47788
66640
82248
57610
65811
44289
69548
94208
47251
73432
56455
76451
69670
50269
48758
71340
74212
61243
63861
71371
59402
56323
91732
59340
68672
75841
59198
66458
74235
71008
63271
69072
53332
52157
52640
53872
74934
56722
53594
64336
45062
68768
49892
70727
66282
61213
64456
33736
68894
76809
61440
67725
52461
67896
83221
79460
70570
61769
66919
52128
72512
70733
62553
72658
61807
68639
79498
42568
63518
62612
64000
66653
80231
59149
65654
65903
47611
78257
62714
71976
67074
68864
59668
83526
59181
59309
87781
92554
66959
62150
63016
73313
66886
62417
57757
63141
53387
64970
67619
59161
65809
66124
75805
78802
71342
57900
60776
46778
52211
49307
43602
54149
60348
69464
51686
55708
67175
67373
61483
62305
67413
75162
77665
75186
58615
62938
67907
62709
44566
78715
73033
57387
60469
80882
64074
74396
68451
66397
39646
58765
43378
71228
62885
80885
58295
66270
75557
82662
59074
54331
57059
78763
70574
101950
63303
60969
66980
68359
62881
79105
47831
65114
56627
65785
52690
65024
66886
66265
63280
69938
72638
46372
53627
61980
69388
59359
56067
73204
68763
61310
58379
75919
74642
60035
82985
59203
63097
66167
84716
67125
65247
51122
65145
72179
46357
63338
68560
83842
53613
67383
66205
72809
47690
54940
74845
67181
55632
56845
51467
65455
52473
82274
67767
49294
77752
68646
65449
63050
71763
77149
45919
64047
52843
59141
72657
44057
75564
55300
72448
67820
63441
71491
82852
69189
66357
65270
62367
75184
82684
47948
51216
82386
79151
68939
44670
59564
80082
55209
69436
70209
69679
68005
73456
59231
65335
91285
69611
63146
71131
54665
64220
80487
46788
56307
68208
51581
67625
58357
71353
55956
53116
54265
57380
74722
65558
69442
67917
71611
50243
60693
51488
66499
69022
49169
64347
70159
65455
79630
52552
45107
65352
64069
74768
61728
54124
70797
74479
73597
53091
59183
57305
77957
86509
67968
48429
55682
80189
73873
73260
55951
56805
57191
64071
86555
45743
73042
66036
70418
52230
60487
80309
60522
69494
75273
70681
71980
65840
72556
61806
59258
75344
59740
46502
68084
65504
50201
58566
62456
56707
69882
73044
70176
68737
61770
48089
71906
73543
70402
60389
56419
66065
64018
68510
59008
73516
53756
73073
73905
55047
85281
63208
80540
79176
71345
60565
67787
73172
79359
71691
73099
61953
80615
84358
46074
61452
54300
74057
80218
68211
69595
69533
62758
63777
68222
60312
56752
74959
72619
74469
60733
56183
65379
61059
59959
55302
63010
64042
63598
64227
76082
70994
53712
91394
76426
61715
73619
59267
57546
65907
77558
41799
63064
50682
74506
74674
56423
57262
46983
82269
47223
60910
64866
65749
67766
71641
71759
67207
40173
65553
70450
80874
74938
65932
49538
48484
71945
52071
80196
51710
62690
75867
54633
59312
74815
44572
50042
61350
65631
86510
87400
88165
55109
51236
72767
55030
58573
68397
78573
52695
66552
76664
81095
49288
75514
52777
54457
72320
65098
51348
76993
60660
51244
61175
73707
55988
61690
56398
61246
51034
57986
59388
60580
53576
85260
57069
60849
70704
59767
71659
53602
48713
54663
63054
75545
73844
57808
69449
50632
59612
69390
73524
65708
55439
55904
66294
49227
65585
48366
70060
57051
66455
78963
42287
73265