176835
147682
194170
148199
174769
208929
193408
205626
173611
214950
202915
145697
135709
173602
192953
212034
174330
180952
181700
178322
182118
158738
200404
206709
209643
184665
162796
154548
194593
178398
210391
168437
180892
190158
170959
202933
181404
203827
181174
174584
188492
214829
206614
173993
185483
197274
204860
213690
181935
176186
216214
186790
178740
198577
181359
186849
197643
165076
188123
183188
196476
191616
209100
174266
185468
181007
214508
199796
209959
146819
184954
176566
208158
182105
152332
177493
160212
149124
183964
171032
162629
183289
163610
187980
201531
176163
209968
163381
163283
181828
188654
180740
222249
197000
165457
188655
211376
192292
196287
167614
190534
142926
166628
165678
177030
175371
172581
169067
197923
139772
194858
197980
184124
182105
198954
220806
181592
191766
177877
158656
201096
185770
192207
192088
202795
196742
178107
187066
162616
203810
166325
190516
205827
184237
212878
137000
166499
179862
141998
201359
193829
193194
190337
188137
183946
151964
185325
179890
181569
179642
194102
198751
214060
172329
193599
189834
193576
211534
191451
172992
211297
184876
208533
198620
155749
228012
188718
207520
202895
185908
187744
199631
156131
197326
159571
183489
208776
213894
203522
196227
206239
155448
157775
159205
154332
181996
141717
170671
175487
218838
166612
158366
181391
183282
230979
196316
206824
184039
211274
189904
200249
234433
222351
185810
197490
194572
190035
206228
191042
182189
179789
172799
159766
171537
197790
169838
181340
156586
192790
194178
175050
182846
232564
191349
161777
198885
158466
179133
200200
175722
173155
176928
211098
192647
178788
182056
175449
193758
199840
178755
198313
179204
188176
188830
162530
176776
168991
197553
173182
193889
193583
191196
203145
191698
205703
189628
148866
164216
185709
171848
178281
164985
191504
186150
186851
170064
122921
166871
191012
194251
173873
136215
192822
194327
195303
171472
168651
188138
180544
203560
219074
158799
182834
192313
166634
172813
192351
155063
222763
128988
210910
207020
166512
161588
179665
189654
143451
191261
191633
188452
183381
188402
194574
186566
194871
169802
213984
198729
189317
193399
195686
202827
217228
194627
189982
167006
191953
197659
199663
200932
175555
202094
167489
166948
195128
181660
194852
179177
164049
150874
186414
190300
185196
186755
179884
190563
152795
163926
217444
170374
202722
174909
169461
226622
207592
157343
167883
173316
176429
201352
208241
177840
195295
216369
176489
205976
157286
206753
217137
193619
191949
173493
170556
149691
184775
184914
163607
205039
169989
181609
165544
133187
191317
193279
174886
165262
196717
179885
188815
182335
197006
156207
204997
192212
170453
203761
173146
200078
173033
156486
211930
185704
159548
162297
162371
206413
175563
166090
158289
175000
156063
198516
194741
206048
203342
178380
201363
184641
185795
190787
169495
186114
171225
205895
179500
201312
201830
224188
170633
194815
201914
211252
183025
201130
188617
215502
176181
160300
187795
174231
182086
184031
175182
185109
196770
147060
192507
190292
186478
188045
161322
195284
210083
189507
197450
178746
208165
177285
179679
201446
198834
195345
187424
156625
157625
191773
194017
216936
185945
163282
187527
210458
199986
189511
149808
183420
188626
187248
169696
188383
185400
188577
189798
173656
191632
169680
197044
228104
196566
210669
181207
184448
170359
186452
197404
211622
175640
161619
148804
193698
186617
187739
180335
184123
184259
196065
192078
181163
196478
219264
162615
195607
194317
176767
171045
192097
156373
191784
183507
176851
216330
196800
176270
156627
165680
193879
161343
180265
199392
165437
214347
183355
163755
162861
187123
183878
165245
146272
189724
168421
188815
175869
196907
158478
177655
189249
183002
191722
170639
169300
201890
178586
196838
184655
202979
209786
198828
189081
179558
177301
161886
183012
167319
200069
192711
180330
171575
169088
184216
186578
173423
160052
170598
172808
196859
187347
186623
170136
162868
195872
181122
183552
216971
144757
191456
149421
189495
205433
192495
161518
150394
176792
189591
156931
179708
165171
213777
236367
161751
162687
168632
178825
187264
232309
180764
185616
194570
178673
189658
160938
171666
195399
215820
177093
201353
199533
170769
196717
220143
197263
190571
181005
197908
180431
175578
188891
189724
191070
182918
196309
177266
139687
184735
207412
185069
180822
164652
185668
227278
192890
203543
206390
194359
162657
205786
199447
197535
157329
157948
182876
189472
159799
183516
173005
174390
157471
186062
194652
190339
167209
171958
196206
191703
162761
201588
210500
201777
178579
195009
195220
186218
194219
200551
211459
176946
152197
177719
183188
147000
204854
181401
186456
175817
166251
172545
155866
215433
199735
172457
181255
191910
190435
174203
160516
213877
173645
181720
216826
183087
176237
167509
177676
199179
176639
197367
193292
184279
176835
228653
208189
209795
171352
198891
240422
193862
182198
178812
172100
152068
208153
185652
194401
182224
191389
218024
162168
197369
187647
147784
179131
195015
186532
167631
191187
216702
190071
159687
190643
168947
213115
189120
188114
204622
198487
189704
190972
193201
206182
184215
233132
161020
140274
202118
218920
178919
178874
203410
165325
167611
214106
178071
147196
190833
183269
214285
231318
171698
209748
206560
177939
152747
195288
182030
160931
174643
188952
166087
164133
210307
174876
209996
144471
176338
182947
214575
184467
185162
177730
174292
162003
217134
192104
161730
180029
193877
183131
214398
180514
156491
172736
182587
174493
185843
168689
159196
197313
209721
213124
194869
196702
200073
192970
172069
188285
164588
192107
204647
202719
184000
195829
150758
184832
210616
159365
206715
159674
191591
220265
180167
199456
186790
144612
185823
158346
187857
187424
161620
192053
174180
183359
201803
203868
199093
176359
187951
162851
194462
196554
188198
188952
175622
187574
200241
229364
178765
199686
142176
184809
162661
181426
192335
222020
193808
197764
185340
158714
204850
191665
188802
180226
179481
200465
185605
149240
173636
197077
166847
184264
192098
177820
176118
195620
179651
156928
189689
164874
194953
195113
191736
196145
158872
195857
183842
185043
188328
176954
184448
199478
219207
190841
184435
167484
188689
194129
179346
173933
132391
163956
150605
193649
194167
184041
176583
174880
198089
212177
181552
163823
168829
160090
180861
207683
164655
189500
186686
193717
184348
182169
180848
184234
200513
207847
172695
172831
169620
202465
166802
209286
182924
176311
221553
180759
196207
185605
177333
188502
177377
175780
214141
205779
205088
191619
208129
219292
193544
197735
204140
174635
179312
187584
226250
197417
174198
162460
205429
148214
152428
184284
140491
149644
132631
169834
178264
186220
196242
164677
215663
198942
192696
201961
239967
182745
175322
184483
184920
209756
189934
190768
185610
205898
204601
179924
186066
176766
193217
202461
186274
183805
185751
182694
186286
158356
198810
199811
157846
229367
168937
207746
197844
159054
170378
183360
187081
189717
190904
211842
175007
161150
214706
164664
175479
174725
179129
195901
184543
211084
190749
158263
176088
161822
189970
177727
171754
153472
180426
165095
182850
206321
138975
183368
145586
176810
198577
153880
180653
197864
205274
222986
176318
158835
201007
195743
198514
188622
182380
182510
180366
183396
170246
200983
206114
197352
199031
169568
166675
178956
196472
185005
185889
189140
177015
224089
196411
175582
168667
152412
176085
209066
184171
208757
177023
179158
196629
200779
202573
218385
176642
191132
177689
162608
179689
185723
183783
169519
182608
173383
174245
180062
205934
214034
201039
155357
157397
175638
177360
188542
186481
189317
196445
168999
174307
165968
181550
194656
170165
221986
181677
168687
199357
194528
174846
171282
191504
170418
199949
199197
167269
194153
193910
186176
173217
190834
170231
218436
154903
180084
160728
196618
186153
192363
153360
191347
170184
200501
182067
165799
160699
219729
179540
213583
166229
186399
194598
183814
173933
207174
197583
207506
169107
190744
191393
172089
172480
190505
165872
196684
170452
149592
189013
182911
174864
192549
167513
185378
214190
201085
179979
204448
176141
175874
214733
182454
179966
170731
224791
156875
148697
170631
189804
203087
159880
181959
191504
193238
182181
199989
214753
201231
181148
144836
171421
184285
184315
178958
162652
185923
158952
201552
195526
179560
209281
186359
181421
182360
197513
200250
180372
182080
165479
189457
202674
171853
225412
175961
185621
181640
191639
182187
179922
179411
204177
192235
177095
172408
205057
194495
196994
190165
211241
213314
183118
187319
207057
190625
184570
199704
212092
213244
181929
165673
161460
205538
188839
153166
185359
175593
181730
176319
189249
155613
181698
177014
187325
162283
186123
162092
185933
196067
189061
221747
196330
181931
213402
218306
185504
175391
140130
195487
207775
151649
199342
224931
210853
206261
167125
141411
190955
198880
180436
179836
164627
188755
206693
160211
185480
202035
181147
193258
197406
183148
164133
177274
203772
217311
192425
170896
166855
184320
175284
196760
174970
208461
197358
161655
195208
200970
191054
192065
169605
144518
172739
170227
192364
177061
159317
183263
186685
175804
153740
190234
186520
157465
192512
174354
173412
189974
183325
179902
187217
178798
165143
193289
202388
204735
161924
166719
190587
188813
191896
208821
201429
171154
213033
193403
178168
186019
177800
221361
183324
183706
166300
194723
185359
194462
186858
170681
194463
218813
209509
186545
195041
174441
206063
201383
209108
199377
195906
176523
158079
167067
186807
182876
191650
203961
196904
190632
167363
161144
153114
167424
187337
189457
181939
168877
220378
206598
191332
197752
184676
197075
163914
175493
196813
188103
166830
222138
172081
191646
191071
201829
198655
176132
184765
184470
217389
170471
180280
165251
218688
188467
189969
192462
192002
154968
217937
176977
200267
206777
179109
141403
181978
201945
185996
165169
185123
213377
172468
176030
167633
183602
171018
180571
181137
173159
198233
174236
191386
193095
183028
185961
167531
177746
207391
200213
159148
170678
196292
186051
167971
206204
152088
149509
190034
168431
208488
195918
183640
157663
163893
192784
187687
186508
186281
213385
159077
179563
182745
176029
182966
179706
165773
211631
203039
171981
202972
169684
145559
178085
184228
189114
198908
165204
184887
173385
201584
191506
171094
213368
167405
183110
197571
158521
209571
145311
192841
186479
192124
204099
150185
192188