138815
126013
171492
106018
143845
157589
185330
181651
129973
157864
173611
140921
129225
127199
177393
181965
145626
137847
132154
146532
148470
138299
158820
176716
165475
141696
130131
134515
143599
142254
180833
131438
131446
157949
147828
177232
153110
168063
154283
144169
151344
168356
184426
157403
140368
157371
189390
167809
148813
137020
172376
153266
146535
169001
149000
158988
178407
127020
161468
156977
160801
153970
180106
150275
149016
145295
189375
172628
174716
112668
157610
140321
159724
164877
123097
137195
134867
132294
145173
124739
134067
134140
138153
165776
179793
142608
184913
136235
144270
163713
165413
158254
160676
145630
130707
154241
187360
162058
140174
135652
158237
113903
121056
136771
142055
169827
132580
155610
159511
126271
150189
155298
146203
136602
162863
179111
145072
160919
145950
118862
168161
150383
163287
155352
152028
151377
139263
155602
137203
166138
124541
151452
167749
156068
166247
101199
139363
132835
132410
155333
173936
152639
163429
169218
145975
124761
137173
151916
145012
128239
157273
159145
181504
147728
160692
161877
170937
179149
157722
143919
177383
142482
170634
151658
143002
181671
174948
154891
152693
155672
152058
153061
146048
166323
130338
170679
187796
186776
177737
166854
155450
127488
124002
136785
138948
138422
117086
141615
134877
202575
128737
133046
154458
147853
188718
174042
185354
152279
174383
152706
175570
183041
179936
164892
155933
151777
159466
173299
152311
166834
143203
151174
125393
151998
152376
148941
145941
130670
171556
144441
123257
144578
192724
148014
149302
156744
130860
148254
160011
152673
134847
141629
178669
147922
148216
166423
124898
144149
162841
174104
161623
145119
159528
147141
135603
147951
135677
169657
144758
169662
157167
161471
171350
142473
178508
170679
124623
121344
171413
152037
130980
139121
162584
137001
162823
137423
112438
125225
150554
167361
149670
119637
158177
169432
148298
161828
164518
164281
153409
174904
181292
140294
149833
161071
148591
146507
165829
127851
182975
117983
179782
176729
154764
137169
145680
154510
132047
168088
155708
155274
145204
144480
150383
154814
156973
130927
177749
148951
155964
148902
151672
159755
169356
152739
158200
129055
155259
168422
140651
167116
127321
155868
104467
145807
146998
148204
175473
148368
162614
161802
155755
165838
146878
128220
145074
175236
134438
123173
168758
132716
168107
140152
135177
192860
143603
128451
145339
143299
172683
151665
164794
141253
158740
162517
160320
168149
153541
157693
164427
169088
171207
141708
144514
124694
138988
144839
137060
149951
115362
130060
134071
101940
139928
153304
150421
141197
166823
157319
151696
141176
158342
121467
160680
171133
140596
162523
136672
166453
151634
137014
158611
144086
135436
142876
121599
164223
154408
136622
136506
142241
139040
174910
150617
167939
163210
154065
186593
150980
163964
151204
136108
150077
133535
151191
137960
163861
159095
180166
138565
134699
163476
182641
137712
162679
157936
173074
136188
135999
150977
164661
156476
137515
132567
144574
145988
117213
170486
134084
166223
159889
151278
133094
186374
153871
148865
148646
145212
140145
158000
168366
135919
150982
165341
153352
155873
159332
154879
187935
138813
136518
155252
160550
176459
136777
117406
143019
157193
159414
147874
145732
131473
156203
145428
137924
161681
153306
167989
169441
156001
164012
143420
155019
143081
131715
184054
164295
152347
119442
117289
151470
156073
153666
143264
137934
136942
167896
163956
138471
165604
192421
149183
155385
137844
144250
139500
153731
138354
157487
170786
178464
166384
175011
157231
117494
124846
149086
129207
167659
159844
136376
181820
153588
137387
143444
148635
170259
144641
127031
140303
136961
153623
153519
174309
145730
139777
146365
149266
153215
125973
126378
173942
152990
144646
161114
151394
175297
166274
158663
156334
140576
124442
162515
138825
149648
156432
136421
140065
154379
136516
145702
126193
154881
124855
150187
147424
157930
159633
154637
120804
157412
147124
152815
177322
135050
181776
139552
158292
163297
158146
136609
129726
150159
152705
125372
143299
125342
161481
184074
135329
150260
117413
170700
161448
192510
148508
148478
165193
161646
161080
143524
125565
148382
156873
147952
160888
161991
134967
167299
179323
166612
159135
153852
177283
149327
143584
152381
157414
172773
150515
171016
158158
120765
147811
184569
146950
155852
122331
166857
190030
162340
162529
147238
163061
135757
169208
151436
152474
123601
127022
164518
168750
128617
139492
142283
149934
127995
166869
163613
140512
135939
162176
168505
153823
138156
164683
185057
168350
140756
144822
161723
135996
165507
172450
167132
167656
143205
143925
159893
121048
159632
160204
132942
150719
128600
147542
126621
164441
147501
149044
155491
172372
134601
171283
123721
170886
152856
162473
187326
166370
139842
144596
141816
174229
144929
159200
158395
148287
148190
179731
143054
159586
136745
160821
197847
159628
145767
140298
128972
146836
153136
146436
174585
129665
165870
159435
135448
146120
157886
125021
135444
143297
152435
151497
158647
161775
159621
123823
158488
144828
176271
146388
143673
185118
160338
129584
168261
150866
166291
153204
181636
135127
136626
174211
173928
153841
152342
152853
134741
145725
171813
129021
129436
162167
176506
185253
198046
141202
179900
193789
150541
143738
157442
137930
141279
145942
153217
153517
171667
172360
160688
177627
127468
149261
160459
172869
149482
165191
142900
162115
143960
172102
169450
129397
149636
163160
164869
166272
164162
133367
124623
145404
141036
145403
143417
137260
160774
149541
164685
164411
153353
175209
175938
158445
139266
138206
155027
155823
185152
149389
160711
119162
150082
173517
146118
165679
129681
144097
176912
164625
157761
148788
116078
146828
138351
145783
157231
157540
144122
125260
131472
176663
161828
150924
156995
150808
118597
176962
164246
146389
141849
150522
141205
154082
194665
153662
169075
122841
151660
133438
160657
162277
178025
149601
166966
149911
145372
179342
158193
143689
147096
147698
156057
169013
145791
162047
180849
142365
159340
163890
174553
146211
164279
141978
146668
150131
142312
158325
158654
156710
158821
126997
145950
140865
141565
157634
140773
165993
153979
170737
152554
158647
141724
162635
164393
158617
115444
133145
155010
116442
170432
176907
157884
154811
145914
186881
165152
136321
121867
138974
137411
160829
184768
141081
157020
162941
157300
148713
162126
149913
167287
150653
160369
133917
153821
131492
165511
134117
164301
157824
145580
167967
141902
171771
131828
142492
141264
147306
149092
180561
160263
168545
141107
152474
175939
153697
153665
167149
152394
143164
170307
195195
158107
131310
123303
161850
134163
133415
160312
136948
126415
121439
145566
122802
151129
163778
142983
173450
176742
157748
167428
164223
164148
155708
153108
171769
179924
150688
176011
183806
162086
179370
150998
141091
147222
145202
185295
151278
131313
182934
145083
141095
127136
162771
174883
131015
190858
147301
183554
179604
132575
131547
145926
151597
154269
151177
174110
144976
139074
182247
122078
150849
153492
142210
151135
165531
182580
127071
165379
150064
137839
135023
130775
157486
126959
143443
143274
128975
160326
126700
165575
123578
154463
156477
104360
167973
162671
153877
185272
157212
139598
149873
152897
159455
164485
152552
145997
165246
148755
151608
161706
163985
159114
173496
125463
130913
180378
152782
159284
170917
151419
143784
180871
151543
163680
155779
148737
150391
168296
145435
170367
155318
159426
178316
192723
150906
158139
154241
160268
152396
140003
155189
168710
143508
141457
150828
155236
154364
130806
170702
176313
178128
129232
142954
128650
148183
140046
133590
146448
169415
148172
139078
150107
158560
165320
148192
180253
167960
133252
151624
172336
130033
140730
157588
145454
149525
179145
135826
149108
152912
166713
157856
170155
162747
174057
137306
159019
126346
157913
140897
170796
107623
164525
147366
164300
141255
139996
122870
174451
155661
189625
144247
144311
158848
148472
163077
163143
155561
168690
144523
171700
169903
146426
156126
173519
149299
155322
131952
117469
162164
138475
134825
155031
132659
157317
164620
167352
129760
172540
164709
145118
176564
144646
162513
138489
182563
132746
148504
143567
153352
172015
135520
147230
152753
165017
152936
156312
166654
159127
133537
111712
157330
176340
155980
152566
134475
148842
124563
182316
162040
150837
163655
150405
136285
139351
163368
175505
148596
134254
143232
146445
141642
130204
174364
144565
162003
144436
159088
156598
153287
162024
162850
146143
142399
157504
182292
147939
141569
172664
166046
173571
150160
146892
162224
138860
158196
174326
167465
171093
163769
135101
148377
162502
143892
128825
167496
143012
154214
151613
148692
117934
133647
153194
158930
140732
148974
134992
136208
154754
133040
179108
161609
163347
163294
173609
136787
136915
108393
156712
146320
121589
166690
172962
168964
167601
136113
118523
165823
148943
144615
144925
143887
145748
162033
133320
133136
155666
153598
173246
177939
143413
137230
139945
173654
191971
173278
125922
131139
148985
151853
171005
142981
164449
164029
138003
136183
163103
180454
145389
136581
138081
160600
163699
136131
139422
119217
143768
151174
135770
130109
156141
149490
113839
141336
139312
137090
164205
139900
145012
155467
141596
130944
151214
161050
182766
137634
140058
141160
143547
159351
161970
171311
141726
170506
148988
146807
159984
136860
187447
166435
146546
141349
152735
143374
173767
154063
150744
160878
187677
193424
162596
142604
141872
177249
179479
189465
178957
138574
151020
153068
145867
145328
153086
151869
160347
181770
154313
134403
122937
141697
134611
147237
141481
164574
149687
188749
161309
155551
148170
175400
173111
128224
144554
164616
142220
132957
198676
149567
154139
141893
154957
157380
147107
141076
145870
172808
136870
145274
136541
177336
155099
163682
158165
147083
114288
175297
153189
171372
180867
166431
109213
136724
155541
138641
162699
133831
173741
140165
143296
138639
162131
133462
142561
144691
140503
166517
149801
178022
149728
124987
159774
149150
142125
173763
171383
121245
150798
167028
147139
127361
166936
117325
120458
157959
151532
175847
169691
153262
139168
146635
154250
150330
167392
154473
155731
136594
148674
154465
138124
152860
150891
138792
165328
170440
133906
175670
131701
114259
150246
131071
171560
174790
140779
166894
137300
162823
151858
152045
148093
129770
143315
150855
124934
181115
125354
179014
148818
152940
181310
124832
176594