32212
31251
40838
24791
26470
37378
41239
39799
32995
34677
37243
31439
26586
29201
38278
34541
36045
34282
32178
29994
34605
36571
31959
36340
38351
31977
27575
31749
34198
32954
39244
29926
34926
36065
33699
33076
31991
35051
36861
34102
31635
39376
45529
37531
33296
36063
38837
37362
34814
32713
42345
33452
27398
40522
41422
38293
41685
29985
42803
35702
41009
34715
42650
38375
41390
34489
41081
37608
42551
23607
36205
32540
36106
33811
36355
31767
32584
31781
43822
25319
29776
44755
29229
36668
46830
33868
42039
30383
37604
43671
40882
37062
39741
35625
32523
36103
39827
33807
33567
38327
37454
26921
23637
30597
37593
47367
27627
35353
32175
29220
34756
31703
28439
29197
37830
33970
43985
36814
28930
26052
39038
36825
37619
37435
30508
37567
36436
30418
26801
38602
29867
36388
46897
38823
40857
26536
29953
36938
31918
37123
36774
34108
38132
43615
38041
31477
34132
36341
33732
32163
35806
32831
45145
36050
35073
39617
38808
38288
33576
34149
41250
35521
35094
32510
35154
45878
44167
36951
37208
33821
40084
31134
25641
37478
37508
46641
38829
44883
44919
33368
39645
28650
35101
35587
35232
28707
26737
34567
27030
46008
30378
29393
28630
36769
41524
38549
41428
35868
36208
37903
35161
42565
46500
34106
35705
36833
42891
33907
28012
41908
32005
37187
25804
37613
33481
34500
30894
32225
35115
35356
35064
31038
45485
28723
32707
39457
32130
30056
32753
37725
32393
29544
39792
35655
29548
42567
28176
37928
38077
34416
35593
34067
37385
42897
36244
36168
29445
40882
30370
41694
35282
32385
40982
35083
37955
37599
30874
29665
39519
37871
27663
33906
38483
39304
38399
33211
26897
30974
36468
37813
35292
32970
41815
36877
36090
34926
41549
34752
37327
40482
36674
25219
37185
36530
36603
31856
37620
32571
41263
24270
38556
38431
36498
32242
35314
29528
37441
37735
37746
41556
32123
32840
40141
36499
42168
31432
38623
40027
36086
39346
34964
41022
41427
36190
41074
31148
33431
36233
37673
35902
33490
33631
22621
37918
33248
34918
41428
33498
38431
34075
37025
34309
31027
27570
35666
44090
34069
34197
37168
32394
37065
29320
31747
46436
39166
33979
38404
33257
42650
35358
36821
37048
36009
34704
39549
31522
34245
33648
33339
35197
37206
40424
37494
33682
39319
35018
36492
36678
35010
20763
26935
23958
28667
37474
33453
32823
36908
36304
34455
28509
38665
25450
40694
38726
40270
39186
38738
41134
31892
31675
36638
37812
29656
33359
27819
43236
41553
31570
33451
37402
34512
38729
41044
33329
29529
39249
43983
37039
38278
31783
38015
36348
32108
36904
28004
37493
33959
43005
31192
31658
33741
36287
35045
33003
37495
37400
32852
31246
41103
34616
38094
35359
38545
37458
34498
31144
42312
35041
42621
32725
40546
29045
43319
34492
35257
39957
36220
32305
36653
26349
35830
35994
43599
30111
36787
40629
37501
41379
32048
29356
37297
39805
41726
33630
28739
32201
31918
34525
36040
36009
33698
35857
37114
37088
37149
29866
40096
41749
39583
40115
39599
40070
33735
30924
38689
32346
29591
28628
26906
32419
35362
37527
34081
30088
36467
44663
40268
30940
42865
43481
35493
38448
34366
35889
33582
32241
27527
37362
41811
40940
39728
42411
35951
24095
31094
36198
26860
37451
36248
29095
39030
40265
32126
32177
32141
48274
38083
32340
31982
33183
35123
34553
48956
36917
34198
28087
30747
35637
31451
24890
33187
31459
34004
37883
33850
42804
42891
41798
28371
30646
26283
32959
38736
38999
40464
29474
42575
36664
32979
32550
29783
31425
31899
35583
38351
34287
42594
29844
28493
35139
37239
37760
39717
31239
38892
35781
29908
37147
35056
29568
32686
36177
29092
38273
36851
32485
39750
46676
32282
28502
30787
38741
42299
42354
37896
42218
35858
36155
37075
28992
35461
39400
40190
36717
33524
39796
33304
38593
36348
41672
38937
34622
38221
37246
35125
43858
40229
36681
34571
34606
39505
34458
35624
44812
38779
38987
28571
37321
42890
38986
39474
29808
32325
33696
42622
44274
33817
32450
29951
33792
32994
30580
42922
33576
31515
30777
31021
37379
33483
35011
36504
37263
39949
31419
42266
48444
40242
32672
37151
42461
31003
39635
39225
37327
34922
26624
35073
36337
25481
38676
41692
33574
34978
31945
31359
27771
41828
40424
33640
34335
37003
28726
37232
25960
37334
37463
44197
44298
39853
33754
30343
27104
40058
30159
38800
40195
29447
35710
39610
39016
34401
33156
37977
48121
35284
30650
33084
35374
32868
35560
30817
36914
33863
34951
38486
39349
40759
34824
32302
38958
35326
39835
41672
37930
41111
36984
20987
36304
33409
46692
38312
30594
45108
38197
32017
36463
33405
38138
38708
41642
25059
28788
41868
36983
38084
33097
31733
26480
29279
46407
40561
31725
38353
38958
45365
47762
32713
39896
39535
36257
34650
41447
35327
33695
35786
35481
35919
36735
41900
34424
42764
25556
39195
31400
44563
34303
42709
38478
38329
34731
42567
37492
29970
33844
35142
41969
35988
39828
33620
30667
35460
43324
37406
34745
37893
37749
42698
41768
39925
41515
46164
33665
31598
33123
30510
36708
35108
41864
38794
39010
27951
34555
40125
27242
37501
26057
40439
37186
36037
35616
31334
31909
33406
42595
34741
35291
37285
34784
24878
36959
50652
38351
35515
36257
40256
33403
38602
40087
31375
33025
26087
33055
37657
45072
42093
35079
23993
39352
29021
37090
36734
44350
33796
36915
34129
32563
41219
34472
43025
35897
35188
33692
40697
35706
35665
44373
40260
39551
33515
39309
32821
41960
22838
38634
32853
29011
36133
38883
29927
40910
34455
37532
35718
32311
38407
38208
35304
37201
34422
34850
32385
30321
39500
41578
37101
22472
30808
35027
21610
39742
35490
39579
35370
32629
41781
40420
33813
29136
28710
29717
38527
49853
28774
41766
41259
39091
42280
35172
37398
32608
36860
38129
32186
34313
26095
36905
26746
29203
39938
40661
41813
32800
31007
39386
34534
26664
34549
36080
36599
41387
38677
32038
36707
45006
36362
33927
37874
34822
35985
45154
44846
36443
32848
35509
36010
25754
32272
37231
33918
32873
31065
36756
28660
31599
41127
30228
34178
31058
36971
36559
43201
37629
35769
36604
39403
40829
39743
45650
44216
39492
43084
29768
27630
36456
35934
35391
35957
33283
42452
38523
30614
31161
44048
45765
33545
43936
36699
41388
35262
35723
30143
39189
26488
35864
41009
39810
42916
30255
38762
32531
33370
32700
31157
35913
38762
43038
32980
31181
36996
38629
35081
39660
35710
25281
36610
30603
26234
38116
27465
43105
34159
30709
40508
30452
37877
38134
40149
35393
31315
36114
34419
34673
38650
35345
28866
39600
40367
33380
36094
43094
43544
33592
43876
31209
26373
41529
35622
30731
43466
38580
34981
45737
34771
40684
36176
34553
28973
40824
35418
39470
30282
37678
40261
44507
38861
36230
39572
44168
40988
32003
32610
36068
41019
32347
30477
35536
25913
35114
35171
43388
36830
26574
37883
31433
35946
36170
29221
37597
36378
35275
38587
34661
35642
36136
38160
41597
40651
31928
31944
37867
30592
32499
39541
31936
36626
44682
29884
31665
34710
39469
35109
38625
34036
29146
31978
39859
30825
40547
33718
36830
28685
45515
33407
48082
26785
35426
27393
41364
31618
38509
34055
36067
36515
30072
36773
44851
37070
39280
36829
41797
40684
30281
34764
42406
38464
37761
34944
30630
41857
35733
26837
40726
30297
39688
34893
38744
26393
36237
36057
37495
35602
39331
39709
34056
42610
33053
34999
35251
39197
42283
36028
35626
39544
41050
34499
37237
35308
42290
30013
31071
42198
33009
41494
36180
33879
38366
30419
49254
38906
36732
32703
32790
36967
36491
34001
44815
30465
37755
31758
41307
30473
28628
34078
31747
40601
36769
30535
36716
43632
36609
37234
34899
33943
30926
41005
36960
31571
40571
35699
41742
32370
33261
39818
30934
39059
41200
42971
39433
36635
30221
33510
42511
37424
27094
40095
32484
34038
40400
31612
30313
31381
34526
36553
28645
36246
33218
34031
35116
36144
43477
43560
38315
40746
41287
36557
23849
29344
39082
39482
26887
40776
34302
44619
38018
37677
29571
32836
35143
37113
34508
29864
35836
38942
32201
33236
35880
39762
33952
44788
28889
29618
30157
38019
42158
38065
33630
31386
34086
33663
41071
23045
39638
38984
29221
39074
37007
41033
38197
29829
34344
29005
36444
34016
30754
26612
41525
31716
33792
28879
28776
36352
27533
30280
26278
27092
38358
31323
35793
44552
25172
24164
30952
31172
41524
23350
33292
32202
31085
40979
43485
42485
29443
37238
41291
41014
38657
32680
42252
42781
34854
33916
37744
33532
35039
38899
33662
35987
41859
43687
33103
34456
27904
37285
46227
37937
37669
37610
32557
31176
31277
39650
30923
41926
38038
44716
36477
33067
30699
35021
32058
31034
33688
40920
39503
41828
42354
39011
34591
41187
41478
34366
34015
35644
34241
33242
35163
40491
38383
31086
28739
34606
31356
33225
31070
41129
33925
33974
35247
38930
36939
37369
28605
40026
29800
40837
34716
36954
42411
37592
20621
30942
33014
31124
44232
35260
37500
26601
28079
31505
39893
34471
40293
30840
35578
43642
33910
45264
31587
26680
35773
33979
38106
41515
38133
32446
38029
38888
34925
27966
37540
32029
26706
32210
29128
43950
40754
35138
34006
29463
36557
34948
41564
32326
34881
35496
30045
39963
30040
31680
39871
35897
37332
34123
35809
35389
26099
24998
37918
27079
37167
41531
27108
42627
35036
34126
39852
37400
43851
26212
27525
37249
33988
40278
29498
42527
42950
36575
45373
22605
39293