54914
61312
69256
49847
60512
66786
70438
67756
68104
68104
68372
54787
52031
58975
74982
62485
64044
60108
64861
66636
65844
69459
73613
67814
68354
56866
60778
70665
72127
71983
73964
54778
55389
66858
49220
69236
57887
64807
64936
68976
77153
71716
75748
69327
62323
67184
70772
60935
62033
60927
75400
75950
67435
62099
71184
63235
74542
60336
64550
65511
61610
71312
65627
72022
56621
53668
74852
58786
68204
63516
64025
52859
69995
70360
59417
61937
58495
56433
60230
54013
67380
58136
47061
63656
70712
67319
74919
63482
67663
71357
67196
69246
68246
76639
58622
69681
69895
71301
65887
60902
74529
51583
56984
61288
58713
68366
57842
60213
63728
59271
70590
72593
55152
56891
79241
81560
62036
65038
52234
53821
84718
62170
73322
70211
63420
66644
60779
63892
69251
70804
49760
64089
71489
65096
72853
49951
60012
73009
54194
61301
64633
66632
62831
78151
61004
52272
61313
64856
66047
57691
69488
63383
69352
61716
67321
65566
65881
83403
60178
64120
70323
57646
72402
66192
57202
75943
69333
66354
66556
68718
61716
71825
55111
73935
63267
62045
68262
74756
73614
69570
63277
55709
53983
54862
58287
65413
51169
67100
56794
80286
54712
61184
65030
58801
80593
69782
77711
63353
69878
67632
75005
78631
75354
67546
68705
59098
66798
73911
54327
68339
60293
55034
58500
64869
63368
68590
60991
62203
65006
66031
59378
61803
78847
58158
60167
68857
56233
66711
61833
63886
60702
67495
77173
62707
61916
61646
49468
61472
59222
63672
71961
66053
68534
66238
60889
62706
64968
68275
62296
63313
70146
68683
67076
71448
77309
67099
57349
59830
70295
61363
59314
54012
59395
56709
62427
58850
49837
45079
65208
75470
55852
55319
72718
70161
66133
58921
63332
73377
67732
73172
70170
54273
68191
69638
64095
68181
74002
56045
79696
49311
76611
79336
72323
53336
62353
66440
55083
73274
64675
70727
66192
63403
63028
64170
58367
54946
75984
64365
66140
61566
52550
67773
66687
62541
70320
62001
59717
78527
73554
68987
56870
63062
55383
70800
71411
68981
70698
60240
70853
59117
74544
71474
59648
60108
60554
66927
65658
68027
73226
66761
63381
62954
58738
75595
66252
57871
61743
65074
64658
61621
74370
58443
60404
73564
65634
71455
60828
74832
72517
67973
71223
62450
66060
57452
60070
60407
64063
62351
57168
57481
51881
46685
59608
58647
61571
58752
71177
51396
61910
69273
69294
55311
64624
67903
61527
70045
59677
68202
65344
47688
79682
69936
56981
56312
48067
60195
66211
59662
60766
64773
78999
77946
68959
66518
74605
66425
78372
57758
59243
69348
60761
67964
53813
68512
64950
72386
72592
72973
61257
57066
64914
62261
66737
66294
67762
59890
55560
59263
68828
64742
65801
68383
58452
62889
70482
47636
67135
53556
68954
65794
65178
69304
70132
66803
67013
65450
69347
62826
66381
71463
55747
69744
57086
60014
69976
64507
70284
80902
61151
65021
72319
76600
66687
59533
39783
63651
69271
61861
67985
61597
62430
70135
59491
68192
74055
56919
73333
71849
60304
74994
59021
70535
66068
53478
72678
75107
63943
62215
47444
65114
63243
55491
63229
70589
62220
71640
63958
68637
65871
67234
60220
68783
65889
66129
69723
65884
47876
69948
67263
62888
65697
69811
66899
60790
53232
70856
64119
71699
73389
57416
70706
75530
57869
68578
58969
73259
62044
64398
63817
64236
60154
68376
75652
58520
52363
67403
56155
61357
58179
54481
72105
66512
71230
67697
60757
72905
77989
73546
57456
61969
53028
65524
62953
61315
66603
60816
61869
66717
53398
63378
51793
62904
55808
60687
60266
69328
61823
66413
57701
63687
68308
65038
65474
58239
65665
54115
69373
66689
66881
56537
58983
61314
58561
62366
53875
52706
73209
68328
48938
64634
53503
68045
69716
82651
64449
58728
59038
58018
72798
55919
54512
59909
69876
58859
74433
66412
55057
71564
72976
68324
65054
66143
69239
56610
61667
63873
65128
68037
57205
63765
67813
55585
69425
79372
61494
61915
51279
72714
76497
68641
66820
69312
70712
64957
61708
57130
60408
55136
54381
66981
70229
60957
59915
59757
59183
48373
65970
62005
63501
57226
62185
67973
64088
61348
73182
75139
68890
54220
71385
68407
60533
62816
80670
64737
70277
62196
62919
66494
53102
63179
62979
58805
66975
61345
59779
48151
66053
59766
72479
65671
62563
61643
64973
62043
71890
62694
68554
71139
63736
66083
64963
57634
67444
59538
66535
67244
70463
54892
73466
61820
72854
56087
59380
78528
63584
62282
64711
58770
59738
65916
62186
76370
63801
74373
64860
54870
68172
68178
55900
60551
67630
67848
59373
65077
72524
64724
53521
57575
69133
78322
62877
64886
67756
67358
54214
62455
56815
72556
67981
67528
62569
53766
74017
76992
60590
67604
57688
63179
55834
67022
54016
61031
69349
66520
80001
75761
52895
67882
76631
70435
67087
66537
62292
64721
57483
67363
67125
67623
70115
69681
72282
55940
61809
61098
78697
63949
63417
68054
66825
64295
75706
67039
49715
68946
70816
59920
70409
70488
66487
52311
71539
60312
62492
62598
58953
68166
66279
74954
64589
68319
71553
74473
67563
69197
63774
58615
73166
67641
72425
70030
53037
57631
71060
56441
68047
51110
78917
75141
55855
64293
73097
53171
57858
64001
56024
69962
63350
58930
57558
65208
73393
68140
67716
63911
59987
54258
73167
61218
64016
66054
66835
64531
73074
86218
63148
72157
53953
62430
62767
63275
65870
82431
67114
61575
61903
63811
68930
62821
63988
68556
66886
60776
65036
61128
62007
77955
66237
67267
61138
67196
68134
65927
58549
62175
64555
61519
71860
68878
66762
67332
59838
64309
76287
69930
67627
61926
70644
58030
66143
65640
69974
51227
71782
67052
63752
50368
55894
61520
54024
65330
67368
64295
67306
66797
69625
65422
62533
53419
53676
60143
60442
73974
65931
65222
63993
69929
62520
66615
62047
69652
66278
61967
55774
54898
57836
60582
65530
67657
62284
54145
74177
64373
69911
58972
58838
66682
61152
61807
71895
63669
75602
62584
71262
77186
73370
66073
79364
64574
66495
63194
80382
66448
67575
58796
66014
66378
57158
70259
66639
53540
54897
58188
59399
59812
65185
63721
74407
71336
66844
65000
75352
68072
71745
61281
76769
69241
62115
70349
65931
58669
71541
56292
63276
61957
65302
72539
59599
72779
72088
57508
58346
57171
71157
72127
60636
82547
57827
77176
74852
53255
53871
64238
62338
72284
59908
76485
58766
58740
73590
63672
71754
75047
53743
54397
72202
78361
61552
58890
54869
58354
62743
54558
62997
62168
62133
59592
52690
66819
61060
70273
47876
71696
66964
44069
60944
72338
66601
78741
65966
65267
68003
62929
70512
70813
70340
61035
67039
66481
64651
66158
66669
66320
69223
61406
55130
73320
64810
71098
75982
71839
63350
71694
65822
59222
64045
59487
58940
70248
69209
72942
64389
73895
77358
76641
69163
65807
59548
72963
58911
47555
65588
66012
60332
69430
62439
69626
60678
60855
75610
70538
66574
57188
51758
58233
56706
55723
59174
57998
70951
57278
62207
63157
76212
64349
61390
75465
70380
60382
63620
64362
55224
59646
68873
64147
68979
76971
56161
58345
64515
68698
66597
61039
59097
71200
51232
69633
62645
63503
60786
72175
51941
64024
61370
74449
51043
59610
51034
77174
55391
79761
65094
57039
69506
71188
71288
67119
63813
73664
58885
78769
71916
60974
64901
73381
65140
63861
51357
58311
68357
56152
65856
63161
64187
74689
64010
66406
65138
70545
65028
57763
75346
62263
68471
62666
73586
62061
64937
62775
59091
71547
58304
72552
56060
64309
72177
59543
68610
70622
56020
55355
63929
72226
64918
66208
56692
78147
61309
66849
65847
65124
73227
61461
59971
65263
64394
66808
55359
63525
58496
65398
66955
59537
75195
57007
66538
60353
64993
66106
64452
65124
75629
61416
64361
65264
76966
68027
54719
74026
67223
78314
68441
69523
63306
74722
67733
69967
72695
71579
67828
57045
59845
79543
64091
47161
65633
61059
59877
68856
68037
60689
60797
64809
67998
52748
57214
60850
55864
64562
61995
75334
69773
64851
73619
77351
55330
66023
43623
69305
63309
55926
68773
76392
64472
76607
59354
60287
71496
60145
70640
60765
52067
63875
73866
60275
62956
65692
67571
73787
65520
68104
64238
55528
76372
77081
64422
53641
64574
66565
62789
70984
58036
64013
75177
59941
65623
63508
72529
65022
57373
61176
69332
58594
57793
66995
62130
64253
66398
55337
45150
66750
67980
50134
62942
65800
54181
65552
75937
61207
65145
62551
57082
69271
67407
65003
62727
53149
65077
62195
66682
74108
67669
57916
74176
75580
61359
57670
61861
78576
63726
69077
71547
65987
59623
62110
67314
59902
66124
83420
82185
74020
64690
60680
75255
68668
71252
72266
62163
60419
57887
68998
58701
65146
62473
73076
69201
68030
53712
65877
58755
51435
62394
61898
58990
63317
78781
61230
53212
59279
69303
76301
53872
62216
67228
71233
67914
86083
60217
66793
63445
73309
73310
57984
62426
68455
79647
54791
63036
56320
75637
56567
68776
64872
61597
50835
78486
65726
67343
81283
70315
38461
56994
72292
64309
62014
54984
83113
62435
67153
61292
69067
52692
59717
66833
63957
70864
84323
78436
60024
64658
72345
56516
58243
71637
73483
50520
60483
69867
65726
64437
70097
54287
55463
68557
68191
68250
65687
63745
62484
54412
64233
64178
66368
59531
68394
60586
64565
62251
60357
55412
76053
58677
67288
66561
56146
77982
54534
48583
60068
64589
68872
75578
50951
68967
59610
70533
62922
59255
69174
53017
57781
62643
53957
68507
56790
73337
55201
59502
77887
50498
71439