39920617
40133452
45389276
37767642
43484631
44708281
47264749
50014036
43785585
44931670
45823243
40302842
37526644
45209554
49908498
51338511
43361299
37586807
44704973
45674586
37323713
42225889
47835407
49210950
48732841
39549680
42046491
41574208
42578582
43921686
46673388
36277211
42842627
47515653
42828647
46709167
44016522
46493591
44382503
40050590
45405499
45967589
50472576
43228510
42752904
41713838
44587323
47433598
42685601
40073336
45929947
44310902
41083946
47579623
44177998
45246974
47587556
39693535
44225117
47037438
46960072
44820269
50350837
42239375
43540170
42968990
49137752
43026345
49306601
36808493
45302891
40751632
43966900
46667584
38021330
40639533
38312455
36561650
40371672
41004736
40287507
40462797
41125823
46499772
52258176
42357839
50222307
40142350
43908801
45768860
43321367
41166343
44519538
43251283
41003054
45391141
47280175
48390657
40713028
36023588
43380551
38292285
41857728
37881404
42825728
47250197
40599111
43650838
46387344
42665228
46507297
47928886
43285817
38956758
44640044
46155399
49010230
44706999
41336905
42350667
45240453
44178025
49332816
43663986
41494375
45945655
41142233
44385020
39123786
43205960
38887946
41605469
46306288
45819214
47096060
40349393
43521813
44584756
42218099
42416589
46773660
46869568
46909395
48117919
41761229
39245960
38036838
46834006
40763726
43426450
44266806
45556597
46471498
39818474
48970357
46533309
45461732
49566469
44303523
42127653
48896964
40765320
45884670
44700812
40607027
46243869
47385913
50027377
46201294
45222978
40504022
42293925
40065534
49530986
39671128
43029478
49261985
49769352
47110365
49160924
45085227
38226717
39739172
43081253
41385158
41863955
36450663
45889395
41659650
53107264
39926407
39736712
42891716
40727606
50626130
49557796
46673516
45973689
49047923
44293658
47990622
46335252
46095235
41425652
42134570
45829289
46811757
48683389
43014770
45731357
44372931
42853808
37913587
40771516
39722556
46433757
40114793
44183574
48612876
41082593
39509487
43211378
50527668
45211378
40768967
47745136
39930853
45427798
46105862
44586534
38561768
43415735
49795648
45749640
41853287
42013375
40741425
40421700
47819912
48241658
45964087
45784388
47416816
39629650
41705177
44868181
42928589
44961646
43251282
44798383
44038786
41718926
50295207
43141437
47337154
50020167
39955128
38962679
48824088
43951823
40697818
42439909
42937668
43916577
45578862
37900687
38403017
36629019
43195325
48405408
41417893
35729584
42861404
48160794
47980900
45576033
45767588
47453262
43191187
49885714
50733749
40756218
41428327
43127803
43415281
47385097
42800909
36805866
49623577
37723735
48838528
51552951
41610816
41160671
44846461
42840802
38639901
45639628
42513109
42917091
39465508
41095937
45406913
45111071
41703564
37103094
48326440
45164296
45806700
42185536
46085291
48348705
50002388
45344300
42103577
35546171
44119880
46896575
44403276
45704689
41262115
44390704
36494473
42759242
43767045
44135168
44952612
41200862
43100843
42375700
46936853
45223239
43003754
43816139
42482881
44820471
39254235
39548585
46053415
40216917
45915255
40551476
43300072
49517827
47139028
42059468
39860945
44048464
49499350
47671592
52527679
43402132
45791967
40642532
44529173
45991368
42552881
45783070
45877865
45143801
47010737
41815905
41518811
39124303
44558194
45545992
40300182
48745070
36961231
38113683
40799834
37370226
41227724
44947553
44063967
45853833
47377437
46456598
43544887
41174080
43593283
42859625
45838828
42105852
41349106
47019015
41857333
44780039
41628120
37234261
49370242
40973615
44594725
41508856
38078949
45803184
42484196
36964795
38049982
44171821
38182620
48060294
43634991
45779173
47097498
45068388
47093723
38191187
42979841
40966183
41639673
44314466
36793677
46960197
41881688
47673066
48219169
49691889
44043688
43852806
47652849
48732810
44807707
42662769
42709343
48869128
40300777
37703303
43991296
40827794
46329116
45045714
40010778
39615682
45932802
37189444
46920509
41905149
46627668
46623666
44042500
40404907
50420411
45504669
40188516
43307005
46703992
42903031
45641017
46633107
42644437
46415809
45810279
40046019
43725768
47162092
42207877
52471182
41564300
38342719
44498839
48442412
47366562
42337071
34749834
42096460
44717010
42724881
42997793
43278425
42045125
41431831
38394637
46511827
42265883
39239428
48179380
48675414
47087163
49465225
38583103
41903618
37699047
41315664
45855024
48230368
44511608
38239642
37102851
45162316
45086556
41747877
43474452
45001372
39471005
45799588
48428282
43037797
45942760
51072351
41047018
46183673
41940216
46380380
43259076
43141807
38155898
43546898
47787377
48053933
46041392
47102555
38576934
42371852
39639505
44302962
39433445
44211806
45086404
40433510
47656161
46607599
41100887
38943347
44800239
45310726
42642940
41037920
42953619
44644251
42278018
40511451
48582843
40279295
41658836
45479711
43967962
41996021
38675603
39526007
46003630
46276996
43936652
42047426
41515913
46944599
44651308
44773881
38861449
41450723
40419196
43625655
43075530
44154689
44071825
41631433
43610223
43010349
38858930
39617251
40900359
47179199
37815918
44257226
44561212
46492311
47428697
45352695
39327422
42568147
41692937
45108169
49703843
42430222
49185423
39596457
45030278
44690885
42717115
44384240
41868658
42354055
43380207
40186755
47243493
41012942
45985588
50741970
43579788
44889861
36019700
44539433
45459577
50742188
41410904
44966702
44432564
43820029
48008133
39137150
39818722
47927552
46601329
47647091
41991423
47332908
38618249
51396280
50035530
47362128
44463865
43918086
46381781
42635561
41299533
43951677
47029263
42498279
41942143
52769030
48759170
39803383
46049724
50114830
41048467
45351038
39000062
44105119
50223535
46379882
44080982
45359342
45686358
40633714
47996269
46076727
44604124
39037771
43049198
48714877
50433398
41917676
43492367
43401138
42615535
38699483
46640324
41363045
38545679
42190791
40938833
44088065
41878560
36734271
43591649
50568862
47631039
36800580
45988918
44032439
38614625
50955235
47667287
46040134
45205909
36772767
40128636
46473744
40181457
46524777
45804936
46602737
43847270
41963323
42957370
39628290
45144778
40171525
41679842
46561419
44794620
44230511
48853776
46050914
45173378
45439736
43784832
49379461
46113456
40634372
43845634
41619677
50055575
49789761
38612736
48893570
43381248
37745643
47935745
47781435
49886213
39034556
51138361
52118976
43715267
43428862
44417195
36853224
40136689
43206320
40034875
49085783
40061861
45970418
46808728
40764145
43075934
48010221
36136789
40134101
42390479
40846957
40042254
48381257
43319903
46078616
41305704
47033816
44448207
50546398
41435076
41569468
49679244
50413593
41674789
42400654
43429757
42967526
44827162
48928577
40125328
41667029
48367431
52025405
42570365
42118185
42745880
40644310
39193691
44897015
40301491
40686382
49702509
48503118
49840832
51033206
42451681
48161022
49870581
46462959
44002083
45892941
42855159
40288579
44571588
47190203
42114198
47680355
50464741
47682647
43670389
40278029
40265417
42341291
47253309
44431692
47564755
43666660
44102515
40986896
47085555
48811416
41383426
45672642
45011236
45119009
45507559
47109954
41261919
42268718
42975925
38714444
44111229
38985000
40850060
41518329
45892274
43037154
46322469
41805039
45428489
49381968
41020831
41298003
37344420
45938786
48812178
45862953
44452624
45570194
42223998
41768609
51334303
44328423
45389313
36839451
45570417
50001934
44939683
46823465
45085187
39440086
40983534
42420862
40608998
41449521
45312508
44547629
40404200
43354964
45839148
46532057
42018719
41987921
40765349
40902274
49558478
47034415
37771834
41874497
45510424
41769534
47038736
49486442
42536502
48980668
35799432
43239305
41879848
42432603
44470257
49681981
42747995
47460402
44013841
43674806
47937155
46503710
45806094
42824617
42616612
42723136
46011764
36992869
44453253
52629080
42445911
46833200
45241521
47416358
46471183
47305045
39151492
40108136
43762342
46298705
48993614
43034620
43048662
45355599
38725904
41530564
41414273
42877089
46457315
43471878
45283301
43836414
47207905
47319866
45585832
39908442
49164617
47552443
45706762
36417913
40590055
44666725
37257486
46441287
41944940
45976848
43022115
42884084
47404118
45529902
38302158
37064306
38832964
42944078
44563013
45728918
38417828
44408437
44149901
46573175
39676435
46108751
40503924
49132428
41630572
49859153
44006429
44198745
41163952
50685193
39983477
45384781
41308014
40619254
44714366
36957608
48148421
41647888
43893746
40405543
43178802
40171730
46251672
44796851
48303181
41117845
46435584
47386034
42661876
46616415
47817531
44258445
43898859
44712330
50437186
42065547
38284181
36271387
50129025
39755015
39098128
51101316
41890835
40791469
35690564
43173913
39972947
45476069
47734807
40155494
47249011
47577494
41629205
45592373
44322209
50255710
45246990
42302880
46316745
49362449
43222292
46412337
46757224
45919278
47064379
44551609
39643213
42954378
41244777
46350946
43858769
41149086
48272525
44363833
42563262
41079871
45963599
45684605
38385113
49839340
43831565
49605222
47434521
40926039
40111601
44177282
45911195
46775641
41838086
44860423
39829060
44018575
50065844
47337879
46169022
49179146
37814154
43973455
42209465
51917294
41298868
48939510
39944687
42404761
43368194
37978359
43337846
41847759
42180113
42623175
41018485
44912615
35855109
43878845
37470671
43150485
43210182
34828184
47629325
48037500
44814971
51063846
45257404
43147796
46103017
45811135
44131418
44409535
43373196
40420047
45736292
43274943
43301927
45633851
42746085
46818902
47046386
38589832
38875564
45498445
42251862
45197440
45543937
43282915
40633832
46503328
47494002
44921989
44997880
41230190
42632048
50677707
42859422
42594736
47239757
47301521
49260100
47738233
42139306
46966318
41762697
45870866
45151216
37932033
40657749
45121193
39547043
42557997
44232518
45712879
45289908
44542340
46422093
49698711
43958993
36979013
41997911
38191318
40034385
46705869
41020649
44482984
49226548
46140513
43041585
42971098
46083596
49605645
42847780
45771647
44497753
39526924
48245869
47854760
38098897
41530181
46834062
44951472
47648616
53124495
40645861
43464892
47342122
46689605
45336923
45435255
46365429
42052109
37466617
43156307
35885102
39602521
43241615
46455265
38234673
44197830
40957204
44643176
44061048
40914192
38443621
45113668
40978639
51427883
42271511
45736617
46450449
42863605
45312190
46453070
46865613
46602732
41671429
46395745
43845778
42626221
43904171
44170423
47205907
47403021
37773833
39236108
46989469
45828432
40771411
47147443
38809887
44602654
44892292
49497378
43083848
50776542
46945654
44561571
47119206
41123965
47991608
42555088
52089224
43620030
38738595
45247825
41945949
45728407
40055171
41869698
44662808
46717173
43510389
44300348
39503241
48633110
40404861
35475521
44481014
49188708
41767763
41322704
38577536
43030861
39943403
42970971
48703065
48661020
47137404
44701716
43387897
40113581
47860594
49646248
45645016
44218886
40358506
44303835
45468356
43422786
47949518
42772075
44014689
39000373
43227818
46302354
43325263
40940261
49565921
46344541
44034517
46497470
52397883
45864969
40092034
43799671
43763810
51724751
45965825
43136195
45514725
46323642
44717028
49889964
46454712
51195235
46304264
37201561
41317442
47481396
45641364
40296258
42958214
43790365
45689717
45291109
46770525
41891290
38819830
47297969
47045141
41367955
42830499
42059112
42952788
40415977
39217852
48361654
43170374
47185311
47796742
53386752
41687270
43368545
40795660
45624882
43921550
39848577
46108535
52781491
47132691
50319035
39830547
38239264
44627184
42212294
46756793
44311983
41228176
43405232
45515656
40894465
40997548
42206644
47191566
50925817
48020317
41713242
40305746
44204513
49299396
48692697
49779619
38514336
38632341
44018166
43411394
46797861
40136107
45671615
48913000
40149622
43355070
43836005
49292931
40309804
40085591
43771406
42149321
42394361
42560269
42434696
38298683
46714826
48461594
39137321
42193219
43835451
41051639
36067580
44219589
38803409
38080144
41267158
45370798
42120562
44563599
41059685
38637382
44344779
45484856
45972451
45784777
39344277
40067682
42258919
43367366
46112140
49393815
44675461
46142902
46676223
39627250
48997775
41986220
50340658
45211489
41527255
42877802
46520791
42836240
47371259
47024336
43294039
49348498
50684716
51918643
45324886
42891024
44262901
43229931
46243436
49806161
48253756
45036276
42470820
43750183
43220063
41905927
41814344
40393566
48492723
44385640
42539023
41699617
41675742
41644492
39115327
42306526
47256223
45375458
44126354
50662716
44800012
45524698
45166176
47626206
47452117
40164856
42891720
45580533
40125459
41072594
50390948
44494802
45897462
36792909
42702880
49912538
40304298
40344420
41730141
48540843
40504323
39947620
41208260
50423973
44011428
43850301
46914839
41342176
36478654
47591362
43020585
46871334
51350462
46345156
41041403
39534622
46802010
40052959
42886652
45546593
48336527
42213283
43367661
44214359
45001504
39420097
41960724
39998232
41925867
42974384
43268215
48930839
43079773
40856775
43335358
43925574
42752427
48822860
47237822
40563914
41568046
44839336
46200992
39062702
45162660
36025726
36584968
44073070
42729802
46504834
42469566
44034928
41510791
41445084
46325886
46284493
45409471
43908757
47847083
39728988
43954937
45193922
39935903
41653686
46392826
44580466
51322997
45441395
41030527
47269408
42291163
36517143
39033138
41191185
44402706
51051646
39375057
47295816
41808560
46476421
45186992
41475710
48072377
41116842
43352785
46982327
42834471
47539265
42390893
50004379
45653227
46434013
46551872
37519372
46416654