65478972
72556371
70863413
70803802
76035626
69708686
69451009
80199957
75312091
72548588
72503688
72164382
63035589
79327770
77318646
79934160
71919323
68163163
76405764
83383973
63187367
73046825
81473987
74366850
80396683
68163781
75242763
65833759
73766088
76296391
79186366
63489843
75456128
75533921
68676125
66737926
80827609
71380689
75671805
72416630
75096634
76557374
72871506
79100051
72217780
70533876
70659564
77831682
74767817
63340869
70895690
69720991
76922954
76931800
76056211
74326083
76825877
74061019
71098526
74460796
76237594
79464829
73337582
74064310
77335548
74268528
68474529
69468049
85169734
65746136
70680588
64039804
70957545
72623419
68945556
72845672
60785862
65440608
70166939
77084779
69930517
68503305
64434526
77795947
83093206
75736382
79753951
73183404
70258452
77758762
69771521
71534475
71561823
76375509
69004485
74647817
76327546
74717083
67379601
66846616
76815468
70598333
81676748
74751270
70511342
75426293
74551955
70368698
79948763
73385999
72138971
78529044
66757165
66305835
74997540
73972996
76760416
75134235
67973795
72863858
68042290
70010694
83460492
74544025
70671759
78581968
65120911
78026961
66214990
75428927
74434725
74613753
70135307
77976417
70535166
74784222
73881145
74947847
72126118
64791176
75031694
83573009
79276131
74884170
68693806
67866445
72703953
78415497
69740136
80552811
69530716
73583951
73811703
71225532
73450523
75669338
73764637
76788958
73898331
73422401
77255075
69034751
68438751
77261634
70262787
68820761
73088104
83158218
80559544
67960033
64636947
69888610
69829975
79664601
77681588
73064766
77359722
75093978
77213540
73665718
72467365
69675793
64425174
72577431
74065939
71359599
62741725
80696602
77225603
74760762
74433201
67702701
63705000
69106875
79707756
78661304
70776695
72554438
86903485
75955385
73683922
77554440
71823134
74094604
69183224
70263148
78147933
74150260
72076224
77010766
74572666
65187987
65616401
70235243
58708881
75557815
60930262
79230253
81194765
69993545
67800754
68110785
77627829
68834871
63100171
79132425
72010734
80283040
76226798
71548895
64638688
71927960
80222477
82522309
73546038
68139754
69033886
72239384
77938625
77618128
73307328
78080467
75757554
70067411
76734034
74805416
76941594
72614316
75086369
68506180
68656727
71407138
83537090
72921072
69292912
75145668
71689247
69627724
81202141
73820158
70914624
72592290
66199663
79994954
74899506
66923944
72915847
62952949
76442037
79336198
70061690
63424337
70546870
80133840
79640838
77587542
75336162
75509819
68980321
75550148
74350026
69751896
70382961
69486958
75233304
77562955
69053681
67663630
78658887
65476585
77552683
80678893
65607366
62354569
76803977
71606126
69136646
74664131
73067758
71114645
71321448
64976274
73162245
72407749
67150210
66501929
79011288
80160410
73169343
73424805
81350750
78493760
78190066
73143895
69580798
62847492
77528206
80824573
75453831
77690573
72250908
79560416
70474742
73081399
71617695
71945345
69561217
69992642
69514714
67020183
80853286
75523018
74579165
76657211
67858167
71463290
66569461
65876436
77847300
73829335
70889384
75523408
72356507
80928022
78931535
77404887
74215270
77866036
75771609
69486557
85946208
70506196
74072570
63255454
71201641
73626810
71254963
71000903
68643241
79700402
73984864
76816826
61182433
76559216
69320019
76051901
69901236
79496310
69338952
67912663
72120934
72406339
68279283
72240698
68726463
76004747
77640958
81311548
73615416
68475466
70703209
79979358
68618878
67393914
74976163
73882241
74423139
76403938
69839871
62590754
77780976
72897251
76352227
68168628
68517605
74740173
62363349
71164017
61694141
74652997
66919079
83069466
70365991
83330686
71477784
78584922
79323992
64457496
70391737
75030978
75936762
69949843
63202353
68824317
71404974
76072119
81705810
80185807
71559441
76296839
73928584
77396066
72908547
72534898
71033373
73989206
69336181
64129395
74511530
64199105
69496337
80176392
64952946
64687988
77030336
67657178
67803750
74713602
70842490
82021300
74946206
67055709
82384373
74774040
64221098
80011923
73728970
71243156
74325011
74116981
76283553
78004365
72163642
76845470
76907932
84294909
73949896
86712325
75713706
69303808
70385009
75075743
77750406
68493082
55857163
75100302
77344887
76511270
76668732
73033125
75366021
63090444
65209493
78626880
74399895
66275042
80850314
79227426
77836202
77613731
63736523
71814358
60142855
68710300
74207767
76941974
80307044
70941957
68595264
74064742
79804038
72628673
73548713
74554803
66066708
75246885
78280661
78927156
79035910
69529207
69027654
78126484
75899336
75681524
70240232
70784428
61618646
80014313
86018056
68077614
74680346
75279304
67314169
76191916
66343805
76910957
69183319
67567904
75801332
71742342
74577093
79234448
65946284
67132230
71879846
69388650
78902268
67228111
74502109
76916730
67942095
67408294
73427425
65962100
69099988
70843681
70254312
69200326
69769447
66420084
74539436
78944373
77544498
69698649
64245349
74370835
69975153
68656038
67936691
74122836
75425694
72841118
76421128
69315231
75907376
74919860
73085548
70487123
68403909
72198639
70279631
77737524
66944457
80184708
76683206
78746551
78690898
73643113
70081698
64937604
68658844
77037845
80729275
75868560
77524900
67044830
74982028
80233874
73522998
66390582
75860785
68149512
74294110
73567480
74860632
75253957
75792731
78136383
77232107
74587590
66388708
72359262
78861717
80387342
71089216
75924947
73670195
75139230
77660528
71370915
71155346
78889736
71784256
78074899
69695554
81882301
70270541
81425985
78195339
85015197
71168562
72922513
80692685
71367739
63750438
72952768
71967397
68079215
66225758
84155517
79569196
73224780
74022243
84137624
75340816
76247598
66580164
65443136
69718575
76193194
67798874
66614137
70334573
65720554
71200713
72649758
72624522
71362120
76493217
71146953
79424229
71294475
72604609
79326958
69231210
63124060
75728045
69263097
65771694
73447033
65915765
70626852
70719895
67569455
81811971
73666998
75431069
62392784
79396554
78705550
74480411
82344773
78350821
74726852
76992694
60008194
74248526
79098928
75668012
71247022
76420453
67186280
67813728
76860505
76535279
69107306
75416574
64533890
80834570
77524191
72102209
74624911
78739321
76200218
74253750
63613080
72421945
73906139
77198696
63355590
75773465
69303465
81482089
82478612
65443557
80703828
69297605
69392942
75547669
80306371
76522834
65425859
81974228
75756744
74347027
78108494
72198339
65283438
67182387
73512037
70261388
75734434
70153301
76299333
77294603
71864818
74720612
78668741
65734684
72313838
71690184
64703846
71451506
79724663
72431964
77960276
68209111
74179426
76309469
82524683
67458901
69694984
74138285
77303008
68895345
70835593
72167420
74671152
79102366
77890053
69298446
73299262
75970647
84983751
70305197
71718987
75037400
73336161
68346837
69541410
71677433
68015599
80160665
80640384
75051764
75822885
74068769
78289280
74583658
81890931
72097686
76633691
70039933
69209967
70966154
81403360
62267172
77931085
77013243
75863282
76483598
71717419
69598600
68436923
82023848
72856292
79781466
76700961
74640979
65879012
76767293
77738574
72287319
76649687
75321143
77747987
70579396
78234385
75844297
69800194
68043363
69889818
71542301
70277045
72809151
71185611
75084711
70375611
72672338
68742278
76664150
77743282
66199300
77984797
69881564
79920562
76846009
68581735
77375959
76603678
72484724
67586537
79774404
77629805
74102234
62251775
73431012
77229520
73623495
75780543
73493539
62594897
70035605
70004432
67920504
67208799
73158350
75130258
75222936
75805929
72113117
77110278
74373673
66452645
60495614
78982499
78461584
74603565
64821100
69670472
71486735
65756917
72678898
74878997
62667270
70891116
59381037
68543939
73256245
69416303
75282647
77473244
78338223
78391738
77424397
73716169
74209546
74820646
76720063
69752389
75271438
71757273
71624048
66968826
74766985
80089509
70413183
79995356
77680019
77921261
81321681
78975139
66424271
70244622
74469749
76301410
82679949
66470815
69924982
75169371
64296985
62725850
73541891
77603423
74871581
74844971
79105759
79319673
72304063
71472844
73468454
70851355
84923243
78603512
78820290
65686078
72085533
68720801
61275132
69711814
71433854
74977179
74026813
75029574
69176314
72360697
71697915
65198598
68139436
74736414
71513878
71805030
68315666
69029386
72232644
74859871
70000198
75787029
67041242
76503358
71843509
79797933
80060309
73532203
71782603
80777894
63150244
70738757
67767520
66771200
72264052
63984619
80727970
65705324
67039529
63177901
70062469
75098981
70940481
76317365
77528398
69456253
76772428
69816076
72882749
78776658
87720168
67491390
74957658
70981213
74757855
63841276
72373202
59478025
81144807
71959235
64498884
78767201
74386681
67161317
61654397
78505253
82275067
71995087
82716795
60588460
75256522
77500374
72772110
70332380
71338960
74998947
76233109
68671446
72688288
73184739
78935535
77920566
74562719
78617841
66592013
71779968
69650680
75407459
69999973
76851228
72317335
72402643
84744984
79484891
70868962
75904427
74905195
74459579
69531706
72955458
75327146
72124139
78500128
72705066
64947705
77169859
79164874
82972570
75869913
67483292
63766228
69486941
79715653
77748590
71966877
76650998
57148405
68255195
67878695
82251234
67400671
79243063
69568188
75036693
72631223
64693030
71704193
70950015
72211411
72368895
73560690
74567800
60660169
69371339
68158320
72869526
67131155
65337932
71418851
79510416
76364371
75934943
74326795
73807155
73352630
73349697
71910880
75885489
67943826
64536049
72641160
73238498
71921178
79525911
70278039
80456483
75559862
70027586
70677162
72175392
75497464
69187931
73497565
71696931
70347843
71321581
80176593
72370111
73951686
67747416
69084372
82872640
72613843
68822366
73049727
75756342
76407471
73631846
73306663
83034620
74400019
70714635
81035048
70508678
68185129
68851168
74347032
72555772
66248890
74837480
73853361
73954075
74950050
80231996
68231156
61926334
67224775
62196515
70521910
78285862
75603441
70725539
72132986
74947444
71677416
72559353
73244480
80953761
77445459
69190141
69784213
71126358
74007971
71704657
76692542
65874235
75371598
75401985
75949842
81662701
76064949
73213352
70576559
79787242
75558265
75626280
69536457
67237919
69439548
70200700
68539189
62158828
76503163
77844233
66559281
70900817
68533178
70769408
72914315
76084541
65654245
66911655
69979542
82705300
69354190
74881823
76532249
75168878
74525075
65977899
75685411
70363645
78540824
78997624
76478943
66727271
72916767
72163490
77761355
74880670
61868538
71490118
79330151
73070995
70857546
70930791
65546778
76933424
75252554
79337062
76505739
84329159
77675352
76932819
74729858
73017762
75041036
75157339
81341606
81883453
68537475
81557171
71828703
70465519
65425931
71385316
72250815
80702584
68249976
76791245
67308722
74912384
67022602
68045241
68913200
78592733
67626994
67809559
66254002
76611970
65889824
66785859
78961302
84057456
76758733
77778186
75230405
70749586
76359462
76489648
78231166
77178515
69821904
71949324
75126956
71469866
77807172
75151058
72851837
69071671
63834963
78298590
73375365
70856289
74547472
69651560
79671190
72976678
83201287
72275374
65554722
74038492
68746246
74838877
82511306
68052127
79026772
76630590
72779518
80202340
74160443
79096973
74902784
69543135
68567622
82388537
68705629
72056593
71434524
71412082
77623838
70075693
73415202
74046990
61933211
79624523
77694812
72655900
71273355
73665576
68836128
70333173
71960045
72723602
73760663
80226994
74184200
89102053
76923065
71105347
73319248
74065311
72291818
71239755
74378958
83521198
71689846
74468360
71589237
74007732
69957745
68448351
75861603
77762951
70985381
75952192
73972057
67932551
65619131
69489779
77123767
78860589
79701699
66463690
69232014
73179873
76044700
74725411
76506203
65569710
68657754
76145527
65802398
74833366
71500827
72000419
76389985
66135856
74863025
66654401
77112490
73271026
73767999
75324040
75011332
68250670
73316195
72312392
74157937
79822835
79573606
67514848
76537530
65021097
71359072
67615916
75405417
69042864
73236421
69511340
74793999
75442710
71785414
77523694
53691742
75221588
69609080
73692237
72944153
68261737
68130391
69230826
67451410
70949627
82875202
76706510
74280723
78616032
65485561
86759115
79744683
78026115
73114993
72795905
76282239
80279990
76674010
71201911
80620965
62964855
82007174
81404142
79309219
72745622
68704462
82027859
68753396
73471803
76633367
77819151
79333044
68365862
71892080
69913430
73133172
74843302
70151969
83164253
68761461
69773557
78672271
79914413
76163651
72022299
71743940
80785061
69759021
76278549
78276326
78460032
77777108
78359447
71924455
73080865
77771183
77277109
69471246
76238400
68586031
76308442
73275923
75705113
65548487
71103024
88430557
72345818
70725194
68918549
76710896
74647853
69556548
70609002
79568917
78697511
75353770
74632446
70137565
74041283
74634354
76700089
73789840
78018275
76400000
70671029
68144894
68552649
73081256
65326132
75674595
78907996
70396981
73696312
77194014
73671974
69585120
71461061
66454627
75860168
72376521
76896195
79342249
72979586
71176085
65266485
64981375
71123303
77896444
87007432
64921838
69964747
67324824
73079615
65722347
72127276
64686102
66216015
74159274
72711723
73926662
72743349
77381622
75040144
69183069
72944880
80683146
75750415
71945124
76840032
71599603
73049350
77425581
73037336
71074415
81490767
71271569
86610780
69908111
69437532
69570428
70590396
73723049
63425307
66741761
64925083
80719776
71702327
75326458
76399151
77552381
73137328
70537618
82522489
69070738
73521747
76730620
78304196
70577670
79717499
82558176
74030782
74627898
75428191
62223695
69422385