190666
182441
199995
176229
220411
220773
224175
227272
218304
197862
235309
189882
191259
217209
254882
223844
191757
181337
209154
214062
173541
201078
234863
236417
232837
211266
226263
213969
204665
211949
233230
171056
195734
229100
197039
232926
212920
222318
225006
195032
228237
223016
256223
210959
191341
209531
237921
216339
198187
189071
230601
226434
211127
227256
211361
209905
233224
174111
214166
215116
222150
214705
248188
211926
196164
193818
232972
229430
250877
180409
204454
192988
211824
226035
180226
201454
201343
174810
192484
181498
186904
191988
201066
226169
240884
218072
257614
209381
208715
229446
229000
209963
239324
202233
189343
208074
244460
220691
192756
184097
216376
181560
189890
188610
210809
226293
200252
213850
221956
201656
210740
219012
202006
188197
208775
228895
228359
196494
195664
199439
220919
209142
239647
218433
196090
232023
183824
218847
200137
219345
191031
199210
220884
233294
230709
186157
215538
213431
187864
198311
219394
227268
221305
239639
198063
189034
196977
223072
199768
204593
203605
219015
239625
204716
226724
225025
232717
246093
215767
212924
229198
198812
203004
209743
213307
225252
233142
233566
234027
203345
218515
206222
217604
228708
195119
233545
224593
249468
234070
224818
226683
194668
184119
189169
203256
189148
175026
220168
209988
249250
185389
195002
213262
192005
255564
224860
223915
215730
223384
213101
228873
230959
239891
217709
214126
209173
204511
214889
208433
230785
205161
197066
189608
197855
194962
216520
177787
219541
260737
199916
168870
197158
247762
217608
191737
230681
184124
210179
233228
209728
189653
208011
245825
224749
201762
215756
175613
189026
230106
228478
216855
215346
227547
197014
208419
212034
197124
211386
214473
230977
197202
216895
246180
216885
222509
233378
185960
180263
245865
199142
189200
206199
196748
209881
228644
177916
179689
174474
227481
228776
204679
163528
212836
231070
226331
225003
223941
229818
214460
220686
227310
190405
196936
213463
195205
226565
211960
193483
246650
187708
241167
235204
215790
186290
199997
201222
193044
212994
201359
217295
204928
196298
215917
222795
206838
180073
241326
235522
224713
207202
223566
244596
229455
209439
203027
169684
228087
230733
215596
236399
197838
216679
166086
203650
209724
220382
231196
194309
238589
207599
227126
222473
224911
205376
186130
223454
192088
185279
222211
204093
218642
201648
204632
252283
220740
199093
213220
213565
241764
208749
242068
194662
217241
194928
208087
205946
203746
209410
203832
223479
248852
193081
192737
178760
191278
199882
211469
227967
179738
185507
202238
158673
201150
195936
216201
222573
230904
222264
211567
202995
182231
194640
222377
205206
212841
214435
189209
222087
199804
174380
244189
185109
208672
191485
177596
226142
205250
194987
193555
211069
190260
251491
209382
232262
228928
226460
233684
199720
212059
213620
204349
219172
181160
196437
192601
251366
222523
231145
205293
189443
225545
233040
206575
208485
231634
237946
210947
186073
226252
216486
235875
220748
179642
203660
201124
182338
236513
199378
232562
234334
210663
184632
241200
219356
188770
201821
216969
215526
228767
230857
205374
220900
231089
203730
233719
218731
221394
268725
204720
189783
197806
241194
236794
205759
149037
200221
217867
214155
202442
218296
174269
195229
185793
232876
195508
196535
244406
243055
209348
232110
192386
194257
180059
195250
241579
225481
225878
184564
159867
230831
222964
216409
212575
208033
203211
224233
233288
194013
214378
250364
210942
223149
195624
206247
209757
229313
190376
208455
245634
238055
214564
221704
189289
184439
179118
221618
196245
239639
216895
175815
223189
210081
188643
179220
233495
226453
201425
191226
217169
198271
204169
203831
233814
191841
194850
203343
213691
200368
187625
195433
234607
233785
215724
216486
194811
229300
200980
214271
203476
201811
191968
226603
217674
189676
207647
193912
211478
229690
187356
198587
181031
235175
173805
220438
199251
234647
223818
237976
184820
207502
193046
211424
241121
184069
239530
195623
223073
198923
208967
207915
221325
217533
194729
187421
213686
175899
219495
259846
197109
207653
193749
210346
227989
267450
198686
210235
225093
209959
239469
189123
179280
218107
216777
238708
213057
230149
188534
232779
245296
228799
219231
214690
240389
211554
191146
192454
211554
245439
189230
242676
233770
198095
204053
250845
202867
222258
147763
223049
246261
217088
204171
197870
210189
196719
218120
212093
197813
186523
190555
231502
251003
197439
199980
195485
212418
155652
237028
220640
200173
217473
210436
205547
206651
198268
214871
250482
234542
171486
229509
201109
188082
225476
239381
209515
230809
173149
204355
227188
184361
220069
227853
187938
208991
195853
198360
178381
222877
194370
199332
234069
210599
198867
240795
209569
224039
228261
218654
239938
225306
194512
207723
200009
242872
231443
203990
221596
196015
198422
250284
199533
229488
178714
248405
269834
215932
213920
193050
172615
205771
200274
213486
218772
192590
246885
210700
183672
205231
225615
185310
197874
188068
197832
219001
236625
208537
239485
175252
218178
224571
242412
197027
197306
234768
234173
194769
208954
212688
220801
219272
234079
203670
203084
238795
259816
186096
215725
192909
197478
197560
221049
179504
184675
232200
234333
239102
241639
210609
245045
261735
223529
211282
200671
179088
193251
195444
219102
207806
241756
244677
235482
227898
193032
189905
222594
244201
201702
218303
196462
230335
194108
219804
228265
196307
214037
216414
227184
215326
227715
210240
202853
209194
187135
214044
207456
191604
221891
222685
221313
226964
204573
239939
243185
209274
198442
187305
240994
243565
230450
209727
217556
193131
211451
229740
218506
219029
172039
210296
246317
209320
207598
208959
176658
207825
214546
205732
212448
231096
208917
199758
195374
233501
230295
205711
195191
185763
202597
258475
219864
175903
195406
224404
193168
224826
250406
218902
219471
181766
210163
191287
198477
206756
234833
208214
202901
198464
206558
249495
202856
234906
207422
220545
204123
215884
201124
219261
258049
212768
240819
208254
238903
205383
231832
193780
199285
219771
200374
225037
227155
185440
220867
181495
194881
201417
202985
220280
216883
223471
210145
226074
221224
215519
176217
245238
244695
211538
169951
188239
210670
177427
238897
206975
218296
227344
206540
243561
216700
193880
176137
184716
209827
227114
218169
203876
216534
219133
219318
198777
222421
200336
252388
233290
239033
221286
203268
195764
245752
194848
219152
210125
203894
239001
188084
248420
190305
197390
210551
208729
196179
234036
219427
218997
195473
211513
222941
208196
221412
230822
211970
208644
223479
250784
201209
183806
169259
234708
198033
191206
239707
206653
179248
185000
227198
185706
233528
237750
195210
217027
230065
197175
224846
224996
227825
208140
190514
248021
243108
218416
241176
233674
220079
233838
215283
203997
215698
192299
255886
211277
193950
230651
222507
200229
188229
211122
226223
186352
226162
225662
226465
242310
201537
199459
228419
219268
227000
198439
229110
190627
190352
250245
210216
221916
226216
180773
214867
208175
250387
189838
226356
214284
200755
207691
173537
210683
205546
214962
217595
182225
213500
184716
229667
183534
210414
208429
143505
229315
235595
223789
237140
218650
190875
213126
226517
219258
209554
201842
197153
206228
197515
217787
235796
225282
216760
238601
193987
182277
226044
201177
212928
226755
214476
186096
230678
217501
211796
206508
200872
207607
230439
201875
212801
207807
225029
253610
244342
216422
221240
202470
234882
203377
169129
206214
216780
195602
217478
214504
217376
224094
205780
209549
249783
224888
191155
197787
175723
211978
202515
193306
211248
221921
203935
186069
212622
232761
247477
224904
228869
219828
195265
235055
214951
205421
195445
220640
210869
220877
238448
214539
222418
192097
222771
223308
234015
224719
204329
185764
211711
183315
204753
205098
239560
171298
195949
191181
215819
201383
192363
182780
215121
205091
259884
222180
221006
226522
227038
213367
239116
218120
224427
195456
232280
222471
197463
208937
219007
225240
232617
184582
196371
243583
202182
212386
199845
207470
224556
227762
225306
207624
250517
210533
210846
239298
197128
210823
198999
239586
214140
191453
206303
219971
216451
191840
215520
210176
233332
199618
211118
211439
219251
199964
166994
225588
220290
209826
187931
195615
209646
185440
210118
239763
206767
234662
220697
207706
205422
233736
235567
214586
203152
200859
218855
212050
207073
238858
196302
211196
191623
211833
221206
210590
205848
244853
231155
220843
218500
261446
205056
172574
223577
224297
243227
232819
200578
216394
208558
209046
247410
238296
240309
228968
199383
203295
225234
207959
179806
207667
222733
222677
220010
207859
209646
196700
217887
235795
194495
195663
200458
196895
192184
195933
226664
224516
220386
230708
255302
173832
203501
171790
215675
203039
183362
219799
236697
207278
242387
178766
183351
230423
208447
220014
218792
208214
216537
235659
203635
190683
198625
223845
246215
235006
197439
182003
209506
237980
263330
221905
187103
190039
204372
219195
230356
192207
220579
206747
211364
191660
197714
252028
200903
203421
203191
206591
209473
227512
218794
189069
212277
241961
195035
192922
213194
222451
187335
202310
190570
187942
200323
220790
181912
223082
206414
177308
221860
229186
237210
217379
187683
192143
209927
191754
231563
260021
210271
227284
230699
180414
228928
212625
256994
209111
205413
213299
209775
210018
248900
232862
184423
229515
265302
254910
215854
226961
206282
227038
224192
243355
233518
189585
217610
228744
209673
189368
198120
205267
247503
225192
208879
184294
214422
218375
182042
197744
202178
226427
192507
255425
217599
229777
208152
242043
247147
209524
210860
232425
182965
198506
261724
191213
221869
193378
217551
243779
217308
186924
201419
222567
168414
210703
200211
240852
219188
218136
219479
198761
177816
214700
214376
228939
240926
239953
183240
177846
219752
192007
204827
191069
242996
207621
213929
200138
207653
193433
203272
181897
200848
240882
231007
244814
209822
181340
214137
205819
192287
240492
239776
180667
210070
197036
225698
194807
216338
174324
170822
223670
215901
232760
209438
229095
197657
200294
217350
236468
213851
201550
211054
199602
207602
191870
190950
218021
231858
210804
228427
227265
191121
218247
177712
176420
208015
200633
224450
258379
184852
205137
197737
225136
202766
208786
220491
189776
207268
222267
178480
230669
207445
236520
208609
207585
234500
176598
243007