213018
198773
236757
189875
235742
232858
241721
258994
228498
227806
261373
220029
200635
221008
264027
262871
229212
201174
227141
245627
205225
228431
257588
282020
257898
207504
238233
215117
223187
237091
265706
213375
213685
248234
220359
247079
234391
236883
237438
210373
246485
243848
277982
240954
216869
235771
257830
240619
204171
198187
252656
244545
226760
242690
229920
232279
254414
191475
235366
256976
251660
242367
294037
233161
225877
215342
259879
252990
288483
189712
222421
215194
241426
234909
206111
219289
211707
194259
217714
208465
202848
206669
221958
257179
270994
237682
277447
232205
221368
242046
244541
229938
238289
220760
213603
237001
260956
247432
214905
212427
248506
189601
213538
205934
231011
237284
209036
234635
255219
214061
236659
238270
212342
205630
235092
262872
254501
229597
222501
225341
240906
228754
246984
237748
219692
245436
215533
246936
213601
234257
218458
226486
239375
248841
255438
193432
236493
235615
184311
214732
239060
268544
231935
244054
213589
199771
220566
243164
229102
237353
227494
228727
252745
213147
244159
249369
249004
287656
229767
263754
250271
221359
235126
250498
226611
244720
263562
261752
244441
225506
238040
222713
220800
255119
217604
246937
243576
268513
239075
261483
240420
196489
186491
212285
206086
220722
197847
232479
227443
275115
214207
204633
230125
224709
257424
244431
248152
240246
253213
226938
263967
269373
264747
226602
236881
227816
229938
252620
228739
245643
251004
218205
204745
219167
220863
232651
203982
235941
264228
222042
195417
227168
275910
217153
210158
251479
204688
226829
245685
229432
221315
247919
261221
246415
218237
238518
197440
211878
245851
241818
224046
226847
242746
209497
217892
232057
231158
235107
229425
255962
215800
238044
272692
236092
236402
273569
196402
202857
252362
215546
204523
222184
203488
227333
240020
218050
189404
181574
227107
255337
218188
189556
226338
255789
234883
244569
232032
234747
234844
257055
239143
215578
210629
229262
217074
238831
231820
206085
272156
206930
267642
265103
232431
198664
216593
221487
216118
228879
216647
241626
215361
219053
233110
236176
229257
193460
258409
242649
221088
229398
242329
250280
252944
247970
242594
197964
236130
252255
226739
264135
217810
219433
187467
216545
222797
239640
252217
207954
246016
222276
243980
229147
232581
235786
212933
237188
205119
198243
240434
245866
222417
225289
232565
284654
261203
220717
223676
228987
267184
230947
259701
197023
230297
221555
222003
241950
236552
235379
226273
249975
275624
227718
205063
199550
213449
238617
206657
265402
206123
203978
205207
186144
234210
225812
240096
252465
263344
248241
213521
224663
220692
219062
239236
231571
232228
248100
221271
243127
202030
184751
274997
224379
220985
210478
207699
238770
210567
207388
208412
252342
197001
265315
223664
254863
236316
238853
245569
223139
246714
220008
222748
226064
192101
233490
204585
257026
246315
255275
233784
224224
243168
256550
219168
240961
232227
265566
218328
191792
236895
233236
246657
241403
199722
213050
221294
197834
244253
224623
259048
253609
242642
190200
264822
242502
205137
238065
236986
239245
222624
266558
217587
238474
228048
225585
232634
242826
252891
300915
228359
220162
231401
261831
259439
226375
162924
245817
238541
242556
215572
229659
218096
209519
208685
250272
216796
223993
248817
260119
227667
265754
207351
218400
198031
213867
274255
238705
248875
213546
186580
237349
244075
227881
234121
224031
209491
254315
253744
224267
225430
268265
228187
230785
208795
233295
231342
244327
183229
238117
268640
238453
251807
242654
210443
204507
210939
235384
218689
248101
228764
200400
252168
233199
208879
206014
245571
245111
227438
211914
236317
219092
234196
229361
250071
197323
216461
234779
250417
217331
205834
215620
258014
257660
242419
233297
229272
248419
238239
232243
221067
213522
206363
238426
237110
221217
240874
220890
224440
247959
207906
226936
191505
263395
187161
229812
215596
249072
257272
252426
209236
216911
210775
236593
261102
211329
264861
202212
245027
226763
235918
229292
229085
231713
224798
209615
238593
190943
243538
281945
206734
234301
205912
239798
247599
263676
214562
234702
234952
225870
273821
203007
193986
243319
228051
239973
236340
256564
206161
249108
252492
245415
223551
234379
243602
211353
219089
228670
232817
241099
209759
259039
248711
203042
237443
262249
208351
251617
192652
237150
263010
256061
226655
216103
228274
226107
230340
230640
213245
206701
222785
247531
270812
215228
225507
233392
219814
169089
248607
243252
210955
226248
224428
231209
238718
205184
240506
261798
240487
205437
252010
233017
202472
238024
268555
232328
249131
208084
216554
261987
207085
248605
240386
213148
214407
213706
233129
205603
224600
204554
222350
241996
220865
227096
247226
213335
265315
245401
241153
261042
241136
213652
235287
207818
260349
258071
223368
238259
219610
212121
267405
230069
265908
181240
266601
276510
241192
234128
204136
184276
216892
233506
229405
245134
214606
254080
236271
199989
218678
265301
206660
223218
206070
223920
228617
259613
229782
265991
195535
227667
234118
258775
214359
214355
238416
245474
211744
239807
222371
231564
235233
259383
214944
210012
267610
273740
211604
224948
215367
218476
228476
260076
203800
203839
250886
241926
255176
266900
227551
269705
291862
242258
223353
231395
208770
212786
223756
233261
229159
271861
254658
256971
241704
212621
217565
245905
256358
225666
240660
223846
252497
209319
252448
265742
208686
238946
222195
239049
229242
257396
227443
220264
225658
199061
229108
216098
207636
228446
247455
243738
251746
236387
256960
264166
219953
229039
214067
253986
247689
255711
225539
230188
195537
234188
226533
227670
245938
186719
232536
267877
249071
237053
229462
192658
223100
219255
229196
237959
244972
227058
225898
240768
256328
259924
227310
202820
205798
219223
271961
236730
210932
218932
240682
199053
234744
278930
236831
240716
183817
243125
213472
221882
237699
266995
240832
235680
222983
203675
264408
248958
243137
229070
235497
240907
259540
215111
233654
277712
242055
258204
234511
269622
241568
251377
200842
219230
235951
229030
247938
240272
220768
240288
209234
224809
226477
228779
239802
232874
234442
228766
248195
214192
225545
208856
247757
260129
226108
198705
214222
217248
205323
268173
233966
227553
249507
231572
258609
211865
220108
188490
219564
229133
249976
235718
219508
236550
231808
252373
223071
257790
212454
266717
254345
263353
239007
233010
224602
268073
210321
241765
226642
221290
241882
216538
261763
203820
219816
200645
221923
221414
249166
249171
251858
223226
245686
231799
228188
238531
252546
243349
221001
261089
295133
219587
213071
191795
232347
205538
215153
238616
217038
202099
198160
247205
220787
248987
271125
217951
247606
252837
226051
248452
241965
244873
228642
204314
265177
276916
241990
271673
262488
242160
233166
223958
230231
230952
212807
271588
230449
224397
277886
228356
225408
229046
244047
237465
207575
259350
228082
256933
274122
211238
193640
233820
241191
249469
222704
235818
220256
211206
287868
227020
245003
243438
186720
226083
231717
263464
222753
255017
232330
230088
220532
191779
223253
219444
221931
215015
209252
241379
200078
240541
191217
213772
230319
161984
236616
260930
255023
268701
241672
217769
246593
245979
241355
229801
230439
220713
215981
220081
227210
248282
245187
251861
260632
202106
206256
244235
217366
228861
252584
221351
230379
249946
259261
220886
236900
219224
231044
258352
226200
232172
241515
236092
265202
255700
224914
236059
224257
268330
221514
211408
237659
233411
223796
236833
247583
222315
241459
210722
232385
267660
256370
197458
228466
195022
226180
238332
224136
232664
249871
225378
200316
219429
238063
261271
248887
266335
251493
209612
253670
238152
208413
214945
235463
223375
230874
263590
219867
229312
209356
241367
242795
229275
242855
225364
209041
230050
203584
233728
235662
257699
182612
225081
200550
247489
228917
218498
200198
247040
219703
275320
221652
239506
238838
248872
234981
245023
240210
255915
224504
249996
234357
210937
251069
262721
245347
244803
208327
207814
266567
229032
246567
229635
220286
241628
233657
254624
217248
284636
240755
245899
259128
235059
242854
235945
259420
223751
204856
236557
229406
247203
212033
234464
234318
247840
224433
230987
234283
231253
212373
181133
235489
256107
223813
217088
211653
232620
204514
233032
262211
228369
254340
234325
240229
225396
240750
243479
245608
204512
226126
241798
217198
222917
254081
227092
222916
216874
216707
244738
229088
222190
271692
240358
234892
218180
266243
212351
194047
223249
237842
275100
245864
235235
252284
235148
233203
252513
248990
257407
243215
228805
228427
247177
211147
216617
237120
229337
243368
240709
234434
221209
207709
246841
247242
211074
227889
222297
219955
214392
209899
245010
228570
239368
238382
282724
210650
230255
191774
231151
247548
216081
253188
264090
237249
262134
211501
190400
257790
222459
254746
224920
225669
226323
261325
217348
205951
230811
256701
251899
275203
212944
212309
210368
256461
286822
256013
198685
214807
232629
223870
246997
216112
243906
244977
212507
215993
217922
280980
226657
215935
220219
224030
204661
232503
242851
208665
243301
245422
214082
226824
224897
237778
193048
240688
209652
206801
218460
224345
217715
226533
231091
183986
245397
232984
257692
243258
221321
206002
231156
210019
263124
282453
222702
247050
256657
216327
261053
222736
272888
230634
219714
236502
220566
214643
258424
252414
203661
262699
287790
286350
246312
233014
220237
252256
234688
254959
248890
209088
222467
231684
215005
201830
240080
218968
240647
259992
225875
208177
236310
227215
200717
212529
228477
225133
210512
283871
246348
245278
223309
256010
268015
213164
232495
249818
216522
227154
274832
207729
247678
217231
250186
261083
214113
211531
232291
241383
191066
225749
186702
267596
241162
232427
250278
228164
201981
238132
236688
235176
261272
239127
198192
204051
253670
207543
211995
229817
274626
224450
231637
211138
229923
214412
241127
210821
214778
257121
243972
272782
222289
212217
229231
241085
211960
279109
271323
190748
221529
226906
249429
216506
252575
199456
200952
236582
231179
257072
228575
257875
215197
228091
240549
266275
250714
228546
228824
227693
233853
210151
226716
232967
244879
236889
252193
247257
214136
249409
188022
195545
220563
213207
245813
274465
205891
226402
227823
251116
213339
221661
236430
222363
213781
240309
210943
240145
220703
252839
233886
238137
239491
201491
253361