105265082
115278946
118016939
112960639
121814822
118421036
119459716
128830767
123085382
122102469
119680856
112292408
101249887
130305633
125035848
127383719
120761668
112906896
121366839
130307160
106204255
118812458
128786506
118950495
130036336
110977618
113129514
104710426
124077107
122486899
129404482
100720642
116830789
121549844
109182068
115200057
125147680
121010720
120141039
117168583
120598757
127566185
121387261
122897932
120490980
118898637
117876120
128625391
127579529
106302086
122708398
114853029
121899583
125256031
120797582
124474060
126361818
118450484
118666157
118209591
120120211
126219960
122316249
119324917
125960332
114622778
118552083
118639189
136219343
102986940
113837759
106328264
121869451
118489588
113877154
115398353
100832338
108745629
118031802
122220901
112820827
108520612
102598151
123284781
135009109
123029916
128218864
114853987
111427833
125146997
116070409
116552780
117983027
127837535
109066808
121127568
124758414
120671011
114994082
109243949
125997077
106293875
128383729
121444136
116024787
121647868
119602158
116715500
127648590
113639486
118058312
129265734
111107269
109095646
120336531
118268035
121383307
119187801
115532328
111962077
118287696
112073383
131336749
122753135
114580539
128465278
107251454
121292575
107919758
127248242
113871482
124805804
120466513
126058288
119409253
118618791
118005149
122530968
112135076
107319971
126055322
132421312
125771860
121159774
113335381
108817402
118477259
129979999
114690110
126136422
115520593
122085062
120740472
115709352
115707365
127004273
121661553
127374282
119180176
121080890
126476769
111176985
118515121
123396265
114286060
117686804
120142064
131799437
132265279
112126256
106437398
116308848
112219927
125091505
120314193
117759226
127639946
124888807
122083189
122633984
123048879
113119274
105694732
115651063
113706083
118421865
98182207
127998795
116327721
124386545
118044464
106920816
110425657
112510090
133305059
126839271
119176310
116438316
137209395
121169204
124905149
132197378
121412959
119350891
120491437
115498512
130624286
123619878
116504153
122336202
121760394
110049534
105577956
119162455
101196012
121562290
103992880
121954653
125288558
120359468
114464859
112651455
131000832
114507832
102637399
127054052
113011689
125455493
120684575
115365632
105876832
113831521
133001586
127243373
119036578
110826926
111093719
114207416
123224051
124580489
119982456
125960230
125682670
111655059
123125163
123058137
121090933
123657423
116114550
113319579
115294337
118260215
133586285
123128190
116819089
120785475
116019117
109701574
135121328
120428706
111056389
111563147
112184372
124976943
121327585
111103282
113532633
106407360
121415289
129731782
114738332
100622693
117299666
122655644
126381437
123209458
117375750
125801410
114075319
126361295
122914091
108242851
118033785
116963294
120507123
125134799
118801983
107337219
132808414
105123507
125066692
130347745
109734797
103514884
121499333
118860252
111909668
122654226
121880024
119824341
115772615
110604787
121942405
118333996
115088861
107678101
131151322
128405314
122430000
122094314
126711443
129517902
127978783
119465751
115918966
105016890
119917022
128985153
126434719
121668295
111723916
134336804
112480284
120846124
124716566
116186284
113526550
112986753
112919073
106102692
127010038
121584080
121224151
121067096
112312228
120201265
109842081
109939017
129446014
117395103
119011879
116446316
113871801
133235589
126215492
120470740
117087812
125354703
121245498
116455959
134840941
116870358
124129955
110491114
117286522
123591394
111475163
115812543
119777567
126925445
120587502
122141028
105864963
120210786
115104701
121884654
112618089
125342805
114294697
110844393
113297367
106145847
111772331
117827233
109818272
116674733
123400417
126123627
122153645
111998916
118508620
122208819
115720435
115776238
122548893
119999734
116253040
123232961
111865889
102103880
126469384
119989814
120883723
109329666
108854690
118148372
105820132
114787525
101735071
117014871
111154766
131880015
116349738
132112159
118303602
129836125
132158796
107450843
112372894
120678443
121223747
119570599
106159561
118080360
117533013
124951558
130326945
132344389
115487677
125421741
120073872
127373676
117644460
117656628
116588247
124301184
111963539
103788520
125110618
109040026
115304420
125884650
103860138
106087206
123293010
105438173
114615405
121727399
120277497
129718100
115468141
113055085
130702095
124212044
108960988
126711293
123421582
115506243
125777624
122039854
123091049
126697032
120003311
117561876
118939407
134552749
121562864
141335451
119119302
112231357
116932405
130088005
122352713
112033554
94213985
117782006
122285416
120015869
121783415
121426672
119641000
110619168
105378195
125872755
124647295
110607277
132173023
130853272
127908176
126721548
108552467
118788439
101942161
113230417
121626433
123716231
128077074
109615457
110256535
123266926
126884926
120939686
117510225
120120268
110089674
120230563
125602832
123985714
131935230
120157119
111053314
128088458
122283156
121116749
118199170
114497052
106287413
126261195
133803981
111477195
121326828
121759532
117247946
119241467
107982220
125999213
113184267
110423897
120544754
113560476
126190438
131463455
108721568
108551006
119388471
119589558
123802427
109951069
117974461
117707804
114675905
110910786
124441002
110448281
114730501
116659346
110399375
113811300
109004649
104808924
124670152
127135270
122124361
118618911
110000834
124624198
119952153
114754505
112489891
119167403
118504238
114242890
120730910
115503640
120809917
118770847
118988395
114393531
112326714
118208735
113345372
123239882
106253950
125751248
126173364
121609571
123977254
118215998
111128140
113513562
117931891
119733207
130325858
118008732
125065095
109415162
124756635
132019375
120793399
109140310
116202664
112445023
117516867
118008990
118493682
117963913
124279271
133285729
118615113
118573017
108330087
119513999
127088650
134757917
116279134
122538630
121355153
120345602
126232893
116975645
114909479
126119821
121821089
120637775
118375260
125829375
107426644
128063362
131335627
130861927
119894044
115945428
126660672
116826317
105250941
123164139
118477793
114062045
109779696
133666713
127328241
114475242
121142232
136853865
118172967
121287045
110386753
113626542
118354675
129205692
113926982
114436071
119107578
103806895
119451229
117270141
121868753
113641122
119167143
118616713
126776458
117296789
117408731
124660244
113006646
105508961
119059501
111784695
106623810
115609122
108094124
113750020
115468814
109308301
131224497
125671085
123633212
101818970
130115332
128812603
118398578
134720089
128962797
123424280
122748394
100644727
120645881
126022032
117818931
121881561
123162544
113731598
113405158
124688395
120712397
106136523
125982824
110583421
128328785
122491372
120967422
120407528
121247552
120316219
125084614
105974142
119340648
125099218
121373069
108976322
117732239
112884609
127181794
129327767
111785343
129828888
114499471
112692269
126074126
126396917
125006312
105732480
129110379
126801316
123482773
122720884
118978436
108396476
109182301
120513082
113120544
125553668
115145634
124844219
127555935
115278285
120846513
125686518
107614766
118854324
116486069
109171714
115022249
124962451
120689146
122941307
115024666
121229461
126086907
137565979
116671450
117958616
122835627
128383838
114648740
119236056
116878256
122981060
126042898
132524068
111756599
114349943
123777867
132553396
112465450
119465932
125259702
116876460
109245811
120958065
115478554
109708330
132351494
128929097
125281008
127157052
117196174
124421279
121001139
130611819
116371602
127780325
113459538
111802171
114520596
131943138
103329417
122166028
125732156
118267199
121212009
111491171
117411955
112898851
136282633
118768151
122439526
123836849
117931674
108223304
126512099
124518196
112447112
118884715
122647559
125445283
117334732
124492157
119369151
113248423
113919948
114956753
114972485
110758249
116509619
115818752
121278663
122585355
122579214
110705328
124951462
125192968
111588045
127558430
111637797
125213695
127545783
116258755
128723621
127087265
112050942
116751502
133955421
119579310
123646247
105570877
121391073
127395758
119250519
124496535
122409716
99612371
116072300
113067497
110075416
110500745
119103850
126030109
117118390
120519285
120929444
124522377
120158045
112803967
105359111
122018844
126244411
127358075
111620379
115344788
112205561
109567244
122443622
128542362
103375932
120851758
98730992
113668481
116676674
111937058
123915854
131799279
123788261
126660586
126880201
114772085
119912656
123126198
127148234
112920957
120784277
115890440
112442217
107886608
120448502
128796405
116815726
127209337
123673800
122855149
128246175
125105593
106569080
113503480
122586504
118591593
135642174
109128759
122093434
123425138
107536121
105611765
119990617
127798390
123769651
118126271
121830031
129839881
118848600
115724319
116909303
115162255
135547912
125873672
130439900
103692178
111563691
108297867
98447145
118862945
119100703
124597814
120438678
119718455
117039947
120218142
112469424
106510358
105608150
115868410
118449331
124298500
108445158
118057624
121876381
119859414
112487577
121612696
110002579
122122797
120130414
128539344
121307560
117362537
116532292
133042531
103852804
121306885
115724893
107486471
121982485
106794671
129871390
108083614
109414181
106280914
110233354
121064856
118356658
122212361
126454830
116798851
128361075
119765722
123625517
125752274
141248888
112536842
123122674
117365981
126009472
110971454
116031733
103074726
131310155
111254786
107946495
126261241
119301970
109537638
95278242
121488943
128869592
116202804
132330869
99156515
125865655
124798450
115498892
115488003
121593029
121665683
124408522
109972870
120235722
117731632
125960339
126039710
120363398
123535157
117549116
115462808
115068704
119141201
116012983
126471809
119088942
117574670
133040045
123150143
119498315
117994511
123448635
122716312
114105140
130240491
119091288
122280952
132613643
110235801
106044001
123896409
123642995
131223426
124397693
117406140
109267677
111990865
133657413
124453675
114887362
123673431
100379327
115434347
117686748
131833553
115169257
125095950
113164422
116347561
121675873
105505091
112950698
116083658
120692776
119964711
115997538
124248178
101263090
113765088
108096832
118680422
116527702
104519685
119551856
126303124
129204706
125592145
118589302
116104851
119281404
116082671
119057255
120555014
114041793
104338136
116008639
116454494
119110174
130600614
117307406
127010374
124682774
112754540
116634292
121233661
125592037
113883097
120210749
117345181
117698884
123716919
128629816
116072315
117606252
107823263
111522793
133126350
119785918
117114784
116424138
119422425
124517532
119829294
123957805
133767110
120079639
115623491
127101869
111751562
115309565
111241831
121221274
121824241
108966875
121584673
116789016
118887975
124552640
131976453
114617291
103105822
106854055
104594271
116713955
122917191
124164183
119318676
118487630
119523601
113581375
117616925
119994127
129108040
121061167
120891634
114871911
112446258
121968515
123512403
121808357
109087737
119456382
121363378
123563067
129667084
115643076
117420601
122736760
123848549
125743590
122748617
115430088
114299030
109041201
115147061
107804167
109747995
123673160
125110817
103910180
119630807
112141155
119368554
112181816
119216300
107160462
116280292
113438739
134259158
112028020
116394166
125930168
121872892
121279223
112098760
123043361
119838641
119067720
126726618
128116582
110153552
118064796
119675142
119680340
118231998
103506527
114490993
126329848
118276122
112683141
121373594
110811431
123194432
127048508
127294141
124969656
140658839
124996871
122859099
126670916
115434337
123368028
120043179
136357384
127517407
111623730
129353557
116309617
119457981
109785666
114816935
117426284
129040447
111567741
123750558
116511253
124713938
109562991
112356730
114045730
128595154
113310369
112643723
108327390
121968803
105673660
112571285
125166415
130277409
127713834
124192931
117487427
119506935
122493256
125756134
122052745
123627069
109950814
116015585
123915884
113734203
125075798
119526535
119861059
113909086
108606176
120656242
119734228
118321878
124960842
114851807
127090193
114936885
136731359
115293539
110352886
121295794
117052331
127465081
130792542
116231319
127884714
123694235
120682896
130882112
124362363
128675757
118395178
114123799
110028030
135469589
113357966
110397420
116769959
114583925
124258289
114659235
115922721
114974018
105636304
128477333
127879643
117828555
119496789
117008530
113146288
117240964
117606464
126298342
124208344
127472954
123308232
141417474
121123926
117826614
114904457
120468908
116881907
107206772
116292483
136272661
118971045
122331165
113775039
116611410
114871668
116344027
121902488
121454078
114213011
119203497
123894456
110649512
116951523
114148292
122947126
126034115
124705990
112461357
114166897
114352812
128230834
125495118
117392219
108107248
114172804
122160049
110697475
121886989
113573933
117261528
123084010
104605527
122413293
116156856
123025384
119031478
118203119
118228355
122245861
110588018
120938119
119520462
119134654
123651079
127046020
113004571
114296862
109222483
114914817
104816007
119251775
112621763
116618723
116531625
121677162
120474518
118997070
120103650
92369275
122799967
116917086
118772514
115275792
110945387
113296710
114624657
115096508
120318661
134899003
118980984
126170838
125703813
110562063
133572156
126030323
127852689
121400708
119108040
122665729
132230219
122923233
114620586
128886215
102722350
129324322
132139855
128254656
120569118
114938055
128616215
117716394
119952136
129950882
128300433
128246123
108978432
116338529
114186697
119866460
120282616
121705383
133027034
117859545
115490859
122053134
123906822
119547202
115430202
115617105
123960053
112124860
120205206
129201865
123606786
123393725
122700423
120310693
120797758
118830068
121748058
109280606
122952371
111681388
133459529
118936735
124450435
113996309
116433009
139677812
115217341
117381133
110655404
130261806
118321776
115589704
111779851
129892790
123007715
120629704
122048017
114814853
114051116
130247143
124458583
124010301
127594950
121650203
104976719
109948375
114174542
119624859
106971913
119803056
130163711
113662887
119756294
121994804
117500724
112373006
115490809
107484732
118557910
117356166
121796074
130966302
120495003
117719565
114385302
100494759
112765691
126254403
131404211
107658057
114195734
114708984
116929492
107720736
119312570
102616160
108653818
122429954
120166555
124729827
115837040
119686607
117760884
109884267
118462297
125734851
119014105
120143726
127917957
114747699
115145736
120059480
116852434
113272411
126731594
112957949
136334729
115723923
117128164
115115636
112325910
115248571
108822857
109865497
107662986
133778180
112198841
123700219
118653244
123720811
121141022
112086774
137013169
112468285
114225107
124276627
122461081
119426479
117884804
131518040
118187404
122111058
121592347
99657976
117738583