90457762
100241150
101819302
99951848
104325608
98412066
101310116
110614845
106213612
105885116
101353605
98226121
83291588
112124667
101096112
109306481
105767201
97776117
105207657
111364762
93336094
99218753
110105811
100186931
110964385
91312253
95479755
88561756
104173015
105609935
109256354
87095643
101285991
103385733
93678218
97579153
106496174
102100428
100321684
98793468
102841954
107781512
101377743
103704917
104196317
103230013
97947903
109826442
107862964
90911838
102785877
96470694
104087114
107345747
99703283
105521135
106938782
102171178
100041888
101878166
102685491
109437500
105009631
101140222
109094800
96283078
101494285
100190097
117206823
86144470
99921773
91839702
101796897
97988669
97869415
97245000
84431625
91967717
103104084
108446427
95678128
96422972
89060297
105520617
112711672
105820416
106015116
96431226
92974804
107265145
95885494
98044731
99653901
107586318
92210161
102644363
104760641
103038488
99038983
94392197
111294922
90909698
109978401
104029439
98266331
99876939
101638266
99343346
109709132
96364921
99357263
111388449
94669737
93778277
102731179
98967538
103552665
101041797
98538729
97447556
96115833
94732633
111887471
103246240
99921627
110617433
91080207
102624785
92486287
107297728
101018944
108978998
102301474
105345068
99821770
104106827
100576000
106877164
96807966
93473066
105136078
111844420
107459779
100153081
97837790
93476283
103260242
111202141
98300075
109081778
99083379
106115884
102184731
99981400
95704923
109183515
101202710
107316231
103682458
103608323
108666152
95966758
99684721
107817482
97229217
98334015
101886021
116098791
112054450
94528939
89516082
98035582
94317752
106113033
101390628
98869590
107628911
105409913
104738169
104921177
104987327
97552965
88874695
100151538
95761538
101409986
84429406
108953450
100697198
102910105
101947569
88991495
91592177
97131399
109923081
108374015
99622430
99832688
121220996
106159965
106466273
115508850
101788003
102614608
103502253
98805889
113796242
101686542
100597735
101929977
107314047
92892881
88814206
103384520
84962193
102565049
89837308
101790626
103578647
102375111
100007803
99141704
112139354
96994021
87242794
107708364
96793422
107311912
103023856
96415558
91210532
96466462
111465791
108849005
102759983
93110792
99964316
100378267
105415329
106284672
100086668
107320127
106612185
94966476
104719975
104791363
100987615
102138989
97497462
97076799
97540247
100627584
111848452
105459637
100141494
104572161
100343923
97806899
112755050
101690134
94403561
93659823
97761627
105163000
103100081
94820921
96447745
91938029
101553241
109714610
98687236
86238216
99540309
104440973
110808822
102551222
99599266
104458849
98120204
107271995
104213202
93179821
100110132
98852125
102304029
107516410
102875559
92837442
112236491
88336162
104984977
109143056
89439806
89922268
104545656
100354469
93670275
102858837
107078492
102962861
98118052
94835244
105658267
98633465
99861786
93863480
108181953
111335850
103306980
105495957
111687338
109778342
109876162
103109694
100088938
90125632
103128170
110400464
108470470
105627209
98071618
115688773
98012514
103453182
106142746
100654723
94142884
96384022
90997075
90611216
108754652
103983874
102956762
106818963
95413449
103446895
92098342
93269195
110635146
102084257
101415405
100342440
97962106
113844667
105870173
102314495
99261419
106214193
100830992
99582490
115585365
98607335
107019498
93169650
97864686
104803810
95155536
100023372
102402121
108965520
99307219
105163226
90592783
101712368
100186544
106611387
95403274
108849242
98511102
96310855
97909083
91474605
95825119
100317605
93799563
98532291
104690221
107721470
105962844
95675333
102096122
107596200
99859897
99350855
106466973
101802548
100805263
105205576
93784545
88355988
105417039
103086699
102171722
94867033
94696520
102093951
87703289
100245814
82902454
101124661
91585948
107566482
100566265
111272466
98871155
109651727
110841190
92106356
95930775
101958765
105432094
99569936
91314819
103070539
101757882
105118387
109724207
112942944
99406434
109996605
101790758
108445080
101138519
101473119
98401553
107945074
96529674
89175852
106068896
93538368
96444465
108892246
90770670
91737742
107579952
92342684
97582304
107902632
102876483
110192377
96370548
98020558
111782816
105608258
92323279
110489542
106014016
98580703
106290863
103739149
105283424
109474322
99312008
99568452
99617362
116252857
106233469
118707787
103085401
96022056
99084236
109719507
104370316
96460447
83217328
101397401
102534326
103482782
103492628
103277361
104940264
94175633
94373665
104725580
106504838
94161500
112075768
112909520
111353405
106192139
93551052
103527350
85024241
97217702
102887253
104968099
109020859
94399236
96206007
105776583
109590459
104794914
99496727
100541621
94647253
102013199
107735943
108431613
112745216
100686614
93340675
110401283
106779155
105140675
99289556
95836241
89591961
107670393
113321049
90753692
106677307
100684780
100913075
101483848
94627616
106509498
95971440
91291989
103044328
97122971
106827526
113406893
92877565
93631844
101256923
98962066
107270037
92643132
102961699
100588210
98040211
91938299
103081794
93654237
99825764
100908369
95843034
97787337
92324446
91078732
104408592
109011356
105419967
99984003
95172178
104872083
100663883
96892405
95523146
102121390
104333894
95022407
101538611
99269606
103470767
105392836
102212422
96345423
97935358
102643545
99940045
103454024
91942139
107799939
108724583
99437230
107665090
97769997
96155186
96084844
101531666
103214701
112794482
101983769
104273762
90440852
105828955
115484926
103928753
93072038
98047484
95679210
103683719
101026935
99332039
103849158
108428961
111951588
102644594
99763764
94331702
100921677
107073545
112273668
100656604
104715584
101948261
104008348
106770969
99824038
96383502
109244813
104671904
99694885
100089636
108787146
91810478
107684508
111827871
113749407
102310846
97769065
107529826
98102858
89536013
106617759
98190332
96760786
95525488
113024136
107556732
95997322
103877130
116441268
101476131
104293154
97833895
93258252
96835358
109036379
94531106
98588181
101679623
88901967
103012490
101214816
106376389
96900689
105037109
99707029
107026120
99905201
103195872
108669885
95698120
93221732
98583020
94591439
91544250
98478589
91151984
97017956
98663060
90873343
112962987
101587416
106071260
87796779
113004327
111744195
102732660
116037072
108923081
104822271
102222359
84036768
102636600
107634658
103719861
105727725
106529951
100467212
94899188
108490609
104882990
91403361
108174849
95786759
110774942
104590874
101630269
102068903
100196750
103245511
105123937
87797248
101886001
106058318
102196602
92066970
99211360
97146554
107280069
110509113
95896002
111474946
96026609
94356759
105031142
110795652
108579683
93847812
112307054
103970341
105485337
104184188
101501140
96458458
89665508
104967051
95478816
106845629
100689970
103916343
110824930
101061565
102205094
106796488
91155099
102034205
101381046
94625392
95746873
104071933
102154442
103794109
100576493
102939360
106955373
116466697
99043623
100572927
102276931
107396465
97260617
103180153
99372150
104618257
107977167
115045830
94775206
96486605
105239905
112324344
96747625
99474066
109430957
99119787
93443528
104763643
100406782
93223954
113431149
109500780
103397112
108776676
100152209
102216048
100545387
110721576
94274730
112083611
97950535
94139015
100013586
112102657
86114271
100121439
105979381
100766871
103099783
93405079
101627993
92762913
114096551
102025213
103845422
105346938
96108301
92534653
108436276
105459892
96254039
100973480
103267708
106535752
101000649
103986429
101962735
97262413
97112732
97403404
98639863
94410363
97782510
99784609
105260751
103942638
104831408
95360648
106122843
104082650
95146397
111304892
93452764
105793549
108057439
95908862
109767438
107854783
95409735
101398410
113165981
101140412
104224314
92411612
102785976
109571632
102025273
106816373
106472940
87263222
101156744
92304873
94303580
93575337
99960465
107695190
101085652
104917294
100281885
106137239
101660392
96346050
91390611
106796838
105563612
109160291
95384751
96973808
92540105
92155115
102808580
105866376
83477657
103536841
82611268
98461541
101579926
96701720
107867233
112203695
108739164
108220870
107910539
96823597
96852352
105059131
109298307
93695036
102078807
101169825
93667928
88523122
100005725
107560760
100583525
105750864
106896308
105386920
109969577
103314832
88788725
94195275
104761294
99528705
117827357
91329185
106406483
103844508
90355914
92903048
101260247
110826130
104486046
100583883
103424865
114619589
99838205
98625680
97554403
98324692
111989718
105150331
110738796
90892558
94403415
89362779
85745919
99436282
101364410
107628993
101908695
101462683
97761249
100538433
98954547
93019074
92309982
99417754
99298897
106459470
89138380
100462640
103101774
101383766
96091144
103843147
93293092
102336128
102374236
109545785
103531054
101662826
99074940
114455097
87372694
103006436
98918557
92362608
101343797
92472979
108512775
93112831
94326286
92754861
92310202
106708017
98685368
108020279
108250107
99811883
113196034
102735083
106185523
107449417
121387468
95160135
106168570
99159469
107095720
93331499
100146155
89665522
113553336
95726601
91091352
104823161
99945481
93782106
80463518
102801855
111014527
98876359
114913130
85415877
106556550
106231815
100487585
97180594
105787200
102906856
103286044
95546804
96992210
100424841
107400742
102894922
100452313
108402090
98331518
98913848
98671533
100571828
101178123
104101572
103908628
100312286
110565845
105335837
102051742
103958337
104552217
102576831
96846465
110879738
101727892
104111614
110634788
95129479
89859391
105766725
105476820
114364817
107734600
98941097
90886710
96103322
111880777
106177443
95673588
102274106
84363089
98591416
98816896
111890085
101681986
104740369
97409600
100862623
105099098
91935314
97234216
100038416
102681370
102755166
102632314
106251707
84769615
94608426
92270365
98854552
100139882
92825070
100701615
107302640
112834364
106895206
100397260
99528449
100794490
99061821
101810351
103844681
94251842
89367245
98182941
100421544
100316676
112172682
100551167
108677023
103828992
98310273
98649391
100252699
108048956
95680574
99965413
98620755
100546891
106142367
112887247
99402718
98875279
88565446
93654370
113262028
101717398
99286172
101075701
101320555
100118731
97416299
104886772
115921534
101872483
95937101
108230195
96440628
99156717
92745358
102700203
104939382
93521674
104346557
98666533
101853890
105659031
112053302
96271075
87643452
90564448
91884410
97966031
108223494
108313757
103229508
101589174
103574745
98262099
100155318
101152304
110850655
102966936
103003449
95608509
95383000
103990427
103788233
103387459
93741613
97897753
103022564
105875393
110053141
98172691
99716605
104925124
105379557
107847331
101039198
97928531
98010638
95207093
97082380
92575243
91730755
107634278
104122798
89951115
101703632
95398829
102718632
98433832
103359264
93750612
98728933
95218132
109626994
93456913
99142606
106351435
101852009
102647143
93734965
106826415
101155133
101231272
108221942
106767977
93627549
97381254
101321594
101818779
101201215
87520991
98212268
108288885
103247074
94856774
106691098
93238290
103440549
107620037
110497763
106029056
118898339
107731821
106495914
104778215
99745405
103827430
102525818
115170437
106495964
94766201
112109808
96483457
101629738
91701387
97806809
100453713
109506721
94730375
108794305
98690785
104959429
94275053
97097776
96208769
107884051
98011940
95987345
92735326
101240542
91247109
96110977
105380337
114067632
108723366
106300903
101168629
102881508
103645767
108185382
106148365
105961214
93561455
100567100
109031272
97834059
105780676
103376423
101544579
97273966
91090832
103415657
101190004
101814147
106023750
98612175
108462729
97355835
116520240
100934027
95734632
100322658
98976530
106744151
112763948
99714328
111670785
107770594
101723325
109412728
106928642
108829154
98062375
97867275
94700814
111010932
95764045
96425665
100591334
99337157
107134819
93913408
99998699
98083363
89074092
110996456
108321235
101416826
103252575
99103855
98011212
104169250
102221946
108102888
104745824
108571248
108005562
121875853
107669615
101773325
100732065
101488770
103086545
93723547
101437717
120502749
105083193
102354918
98049238
99971743
96783955
99802640
104156317
102680772
97587115
102891587
104079590
92975749
101061191
100034787
105266432
107505679
105917136
95401384
97757816
99740669
106568052
104857745
99773494
93456810
96209300
104971320
93102558
102392957
101135931
97589322
105504717
87189862
105188234
99693392
101147064
102024332
101079458
99455722
100573250
92393930
104565163
102339064
101380414
107591078
107172681
99113834
99394559
90653013
97923992
90622179
103916569
95978889
101697246
98003927
101732689
102968324
99509631
104358546
80995457
105248638
100255407
99407626
96506821
95517050
96114264
95602563
99081176
103290381
114434924
103492324
106228436
106246987
97130736
113224732
108984786
107722682
104055947
100377302
105170214
112729034
107177326
97218602
108805764
87242517
110680903
111463128
106316786
103761685
96483079
109998282
97484833
101445616
108708180
105612684
112468297
93497069
98481450
97567224
104081316
104788393
102642356
112343524
99985537
99093987
106943152
108166731
100844900
101048243
99354058
108257502
96204129
102235996
109270926
105571347
105563711
107181019
98565955
98893977
100890740
102339652
94914839
109649882
93038297
110830773
103849696
106616344
95962425
98880128
117159884
97962870
101215743
96131661
110761465
105012996
98325731
95361507
112108961
105749532
101942543
101787736
98759086
101142086
112307205
103241427
104179602
108964524
103921409
93369502
97206086
95442109
103332991
88411225
104815845
110562147
96907539
102412526
103327615
98159996
98662175
99348051
93504757
104884368
97134562
103010019
107163595
105360860
103414933
96242669
85387908
97977613
108609643
112362763
92426813
95255999
98118564
95864580
91438701
101983520
88924268
93477063
102574352
101227335
108424138
98806613
98876738
99358618
94482205
101193146
107475426
100027800
103652464
112016562
99065662
98651072
105648615
99607964
98554106
107670337
96794094
118571930
98126077
101241033
96569887
97070269
99652883
90658001
92891460
90053730
113621156
98454576
104915381
101466015
108175409
104549529
96362737
117472420
95209327
96603330
106488765
108372478
99598712
100162512
111119017
103476146
106491323
101314148
85756491
97967204