55774
52129
68955
47412
74696
71918
68639
82219
62564
77723
75016
66513
44604
75323
73845
79000
72639
62039
73814
63663
57681
70459
73182
73387
75228
63608
56541
55261
74303
70966
85824
67753
65901
65518
63101
71603
75986
77317
84370
54407
71496
70695
81492
75310
61622
75166
74952
76388
73407
56511
78333
73434
70010
65247
64522
72318
73031
62468
72755
70831
66659
76939
81833
76008
72421
63540
80607
80345
72994
55292
57746
62774
64412
69074
69017
72548
66132
60755
74735
62708
63678
73597
55772
80433
78564
66074
91604
73336
65980
67988
72178
71277
71033
66547
57684
67474
79419
70398
69705
70229
74764
53863
65332
68054
63808
70936
65969
70459
72295
55924
71878
76058
64166
61887
77871
73870
74579
73548
68983
69099
75123
62057
80393
72447
65522
73425
65029
66408
65203
71680
62112
67101
74995
65812
66103
52626
64051
66699
49234
66215
66453
78141
71724
81257
68706
59417
65468
66691
65904
67016
73229
69463
73243
62814
76338
76961
77555
80571
76822
69874
73077
69980
67991
69477
68768
79812
74772
76760
79250
67189
72823
72725
65986
67181
63454
72918
86761
82481
75811
67594
73357
59013
54042
67775
70186
64890
55097
76687
62582
78750
66263
62466
55331
56125
82847
78217
75964
76083
70516
66758
75750
87298
80252
66563
63086
67090
76192
69423
66805
73284
72670
63764
61708
67216
72846
70851
60991
57564
72240
71807
67958
65528
87564
71929
55224
70693
65536
70844
72871
70355
65408
80379
81188
70925
73408
67743
61240
69322
77044
69934
70443
68643
79082
59519
67635
69576
66405
81446
67274
71916
61421
70259
83104
65103
72964
81506
61562
61385
72951
63403
67590
57275
65117
74330
71600
64058
55015
60434
68780
86008
67093
61942
66552
69945
68797
74364
80190
63277
70027
74124
82082
62340
63312
68525
71440
65670
79802
64827
82756
49720
81621
81912
67879
48182
67203
61412
70552
68620
69323
70062
71010
64253
72910
73916
68726
57947
81052
74446
66654
70853
76641
76457
74843
60089
64365
60145
72605
72716
69914
78567
60672
75397
55604
71621
63760
65584
74205
69770
60140
58873
80365
69242
66178
56589
62157
73059
69554
56215
76803
69901
69092
68734
73999
85398
70877
55879
73463
64893
71293
70633
77480
66885
67583
66193
69762
72519
60401
74175
61437
76486
82525
78556
63031
65109
65632
71191
61085
79830
66608
63089
54136
61212
62056
67414
71995
67886
77856
69603
63166
61313
72480
69698
67558
73291
65611
74618
62277
75047
57320
59238
81934
76619
66131
69686
55063
74175
56325
62828
69295
72557
63880
78149
81392
81418
66938
79147
77220
71319
66976
63139
69070
63965
66251
62411
62277
68056
76061
81957
65087
70562
67665
77586
78889
71248
66803
74404
70724
49063
68441
69594
67648
72562
56943
67396
75086
49495
79745
68390
69450
69583
67242
55306
80251
69727
67106
63223
79556
67449
71385
80343
71900
69091
77708
63347
68616
78500
65602
91462
59652
63382
68864
70995
79462
66492
57387
71303
64044
63884
65751
75810
52716
69000
69451
73304
64799
57058
82053
79610
69024
70474
65465
71446
64447
65768
81635
76325
62324
60653
55893
62751
72270
76916
63456
65217
72914
76471
75146
73484
81523
77138
63314
61844
67195
64514
65767
66625
58988
88286
83356
71186
69016
81581
57846
60928
56839
70511
60478
73089
81234
62067
80014
79236
67622
58653
59950
72591
77236
52391
67073
69705
69089
73251
76064
61875
65901
63535
69150
73284
64163
52696
75568
73175
73251
68546
74754
82006
77667
68354
67132
57720
59606
72356
71791
61723
70282
61921
77348
63708
64790
65799
56193
61908
56533
74240
66799
70529
78199
73111
65404
73163
61857
61993
83057
61732
65621
54211
78765
77845
64408
57129
66303
63511
61280
73309
70497
61112
79362
84894
66717
61994
64192
72404
65199
88395
68210
71143
69021
63415
75766
66336
59147
72629
65955
69722
55922
71446
66719
74375
73774
74882
63323
69491
83602
74536
64408
71851
71548
71480
69676
74267
75356
65380
73551
76179
68277
72138
63399
65914
77789
73162
66677
69952
68716
64450
80731
71534
70495
68859
56082
75508
73415
67356
66825
69200
59935
57668
81791
65280
62258
66399
66360
77420
76300
68194
78893
81520
72650
58871
67715
71654
68767
72364
86240
85597
82633
67686
63635
79413
61883
68612
84525
67634
62237
68294
71667
60672
68805
61334
67954
77646
69771
56987
72858
60066
73576
72673
73812
87045
74471
65035
63450
60521
80007
75532
68109
74287
66816
72717
74697
75103
77064
62985
81308
85453
67808
75030
60968
68988
59570
71587
70367
67273
70590
76757
76076
66786
69484
76487
61258
66800
65611
68228
75543
71329
70266
79338
58316
71734
64467
85925
67933
64238
67749
79322
61850
72040
65727
77326
76439
80381
61938
58465
80755
69179
66785
76262
80575
56999
62803
83574
68260
66688
71125
71680
70209
95492
59907
75883
76168
75588
63252
74523
71197
64267
69692
76117
52629
72805
81154
66699
73773
57259
63099
65741
81101
70316
81214
62625
74324
66069
76684
73634
57905
70478
68577
78337
74525
77468
64840
65554
70253
64649
62947
65897
62805
75330
78094
75844
72420
76731
72243
74765
73657
74961
58208
72635
69884
64033
70472
71524
59016
57378
67687
63075
69700
50235
61028
79296
74798
81015
77306
58590
70640
66467
56231
61807
68792
67733
61170
59849
74993
85468
68193
66093
60234
71272
78787
80575
68764
69160
60055
58665
73383
74333
63421
67368
63923
75971
59221
61884
69768
79620
62806
68077
70521
70713
85907
69656
77471
62712
74082
65462
72760
59129
72116
80664
72315
80687
78389
77018
65094
71240
68099
58297
76166
56820
74507
72476
63859
80015
66362
63198
73567
70106
79789
69039
70417
74515
74079
72954
71575
72820
76678
79126
74643
53070
57907
67821
55587
72345
71756
68145
72202
65870
73033
80597
61619
57472
70410
61650
79860
79886
57392
71126
69140
63332
75307
70519
71191
71992
71126
78193
68165
69794
56896
74589
61709
71671
70858
64998
71744
64321
79401
66362
62095
56334
69862
65402
73744
67787
79959
70835
68932
74203
69127
74841
75676
55081
73336
75979
77981
69246
67312
50565
69422
57844
67877
69974
64968
65019
57671
70788
72147
63751
76850
58095
71573
72713
72152
68177
77848
68783
74785
66322
82838
74967
66507
79252
83247
81050
72013
63652
68239
74912
71672
79767
74119
66574
83192
75397
62827
65648
68862
89051
58287
84277
67077
84490
76386
66637
65259
65487
67036
74590
71574
84423
71702
55842
73650
53280
60747
69910
60090
68392
67230
64617
71316
69598
66366
61498
73705
64165
64542
55895
64993
54938
78709
74394
54334
77088
56202
69162
72793
50970
80534
67867
74013
77934
70760
65134
75334
66705
78543
73228
59543
69056
74159
66116
62342
75002
75569
74497
80709
67215
68359
63099
69046
61790
77841
63698
66887
79149
75113
67749
67961
66916
66768
74564
61353
73727
70564
72614
77163
67561
79367
81447
68583
66457
78339
70124
69366
70663
77665
66828
71327
72836
68307
63205
77562
86943
72725
50841
69734
60769
69840
63264
66491
77136
71183
66656
61052
75658
65490
80773
73183
78520
66985
69845
71145
73837
69651
70588
77708
56814
68652
83515
63846
65816
65951
74534
77365
63573
59433
64719
65202
60163
55838
74896
64025
76108
50732
70733
62119
70512
64033
67348
61648
76758
61433
76184
64787
65323
65869
69736
70458
72918
60539
72384
64951
71057
75918
56921
82417
70605
65025
73786
60334
61452
75734
69328
58688
80170
52798
77242
74569
78312
70921
73221
72214
72453
75453
69810
72323
59716
78577
72182
62050
74678
57744
76033
59227
69965
77881
74731
65676
67251
63955
67746
63517
59887
72088
71910
66584
68917
70095
73625
66015
83664
75302
67737
70877
70866
65548
63318
67092
72745
60664
70641
64928
69720
67349
75017
81506
68749
73267
62945
72099
78149
73870
70403
72216
62190
70482
72025
79307
68538
54992
78472
71109
82239
74690
73358
84943
69261
68500
77917
85331
77931
66675
58913
55381
77004
65043
51510
70042
74815
65251
63392
73186
64153
66116
69251
73799
71190
69246
65650
65198
64953
68724
77657
70695
79588
72199
84261
63502
67691
58829
70739
71759
61645
75146
84265
70932
73728
67425
65592
68927
64321
72701
72332
63398
69767
77159
58202
66524
67828
70830
71992
83341
68697
67269
58748
82472
75989
75661
69602
65067
63281
72029
78161
58492
67600
74740
60847
66281
65423
75053
69763
60575
69487
64898
68512
72643
58174
60683
75523
74560
67968
63652
71699
66042
59504
68710
64403
59327
69001
71735
71314
78297
70604
57708
77491
75557
81735
56727
57615
66994
63661
66520
78406
70154
62872
65846
82384
68521
69200
73904
94741
71546
67259
67011
72010
69496
83725
78488
72670
75049
81770
84347
76874
64316
77623
73916
69420
73615
72922
68227
56285
63191
69176
68961
64445
76461
73392
69331
64563
67987
68957
59470
60817
73056
66947
64131
71761
74004
83960
69505
73327
73874
67727
63987
69095
73786
62448
66501
86083
71437
74460
61488
67334
82483
64581
70076
58744
82156
61689
59759
61442
91252
73489
63706
72265
61207
66772
85128
72445
80769
71240
70957
57177
59511
64168
65199
65669
68528
85762
72122
62696
65746
69562
74312
72050
70001
68657
71798
63273
82588
73843
60799
75504
64161
64683
83341
80205
58684
70282
67682
69077
64849
76944
67196
59119
64994
70061
73482
73035
74432
64210
66958
63994
63308
79115
70132
73358
64921
65711
73648
69615
70111
76301
65425
72892
64116
54804
78004
63585
58742
63024
58821
74586
78619
51740
73136
69492
77111
68300
69996
73728
63743
63856
72109
64677
74098
58266
75302
63450
74847
73744
54244
72464