149821
134248
181889
129620
165097
176716
165531
179381
157012
159623
185191
147068
143733
137082
172370
186759
155902
150209
167220
170595
149089
143383
185261
187583
174914
146483
161899
155765
147298
168066
190860
143826
154045
174496
142582
167107
160544
159520
160195
146882
181113
162573
185639
154852
135698
153942
176282
157681
128588
138761
191307
175493
162578
160993
163933
160889
186449
129145
152863
171148
182236
171195
202363
170887
160974
138253
179653
159678
182337
141028
164114
153003
163309
163269
119431
139748
153886
131238
165476
134934
135401
161612
148554
182010
177418
159670
189497
152627
146094
179070
161661
152581
163984
156628
165824
169206
189536
173004
137292
154126
166793
135546
146174
145342
158234
163967
137122
158799
177550
143536
153348
172271
149241
143462
174648
202094
165527
151388
139068
153713
175149
159672
168244
171406
152744
164060
162797
186672
163411
153313
147366
159940
188789
173731
161478
122286
143521
174483
131432
166485
168573
171504
152697
177338
156265
144835
141910
155865
161179
167905
151188
147427
183496
163524
176220
162220
162827
205342
167509
176699
188819
152274
172617
175040
140341
164858
179151
173373
169612
171094
159416
178145
152934
176429
148039
173409
161758
178788
181538
180331
144839
130840
130272
150749
146980
135816
139920
144654
151967
206419
131763
153231
162239
160023
170632
163835
177630
164996
186697
179010
179356
194145
192945
171409
164877
148254
159087
166638
151944
172277
158002
142846
143243
149252
149107
151036
125374
163850
194524
147026
131496
151814
195710
167594
153731
182372
154047
156424
157822
160333
168973
157855
179709
180794
144268
160950
134130
150978
165231
168612
155069
170583
178301
156477
137947
155615
149636
163573
164548
168306
161723
176653
175227
158015
174008
172969
131763
142698
183415
143810
142621
141082
142183
151005
163166
133832
128704
127962
158416
171017
148846
126146
170515
177779
152495
153841
163741
164474
166424
185647
158092
155511
155728
175195
142272
150625
162451
155258
177030
136673
174016
182431
164320
131570
146488
164265
136895
164389
148215
178037
142630
158546
148815
154337
164038
159566
178182
174368
139437
163852
162737
160857
165061
162545
174393
142626
168293
205875
166994
183084
169141
158031
118778
148898
150443
171313
187748
146556
159970
166945
173482
152541
172040
152186
155870
171440
132396
141356
171280
160178
165045
158271
153812
202568
180327
152305
148556
152627
181527
165787
174088
129301
166252
173824
166301
174919
169833
183277
165082
180892
178144
150813
156381
130620
151333
170717
158309
178019
151042
140134
160545
129418
146576
154073
155805
165999
173367
168688
160927
167054
166096
147833
167093
165717
147625
177483
145603
168166
142317
127878
180783
167451
141275
145026
134331
164398
146796
146123
146744
171820
138850
189386
154436
152720
171406
155991
176142
157153
178010
164752
157701
153969
140455
151560
142316
176317
171685
185534
161978
139750
176358
186969
158397
171269
170936
170170
145763
141692
172989
159905
183202
175704
151483
145085
160127
138472
170794
143530
160756
185173
162715
138884
177303
172668
140425
159689
160602
164072
147973
189802
144158
167295
148823
148080
166324
154966
172596
212010
169810
139838
161498
184169
165413
147887
108454
169605
155370
164262
159613
154693
157015
152049
147879
164060
162353
150701
163272
175070
156320
174671
170310
158353
144693
148256
192969
180710
162947
148117
117330
163922
177871
160178
153332
145437
167579
173764
176596
165137
161632
170939
152941
175717
139866
178425
158161
151634
134352
168028
178974
149736
181245
165922
144905
141843
146848
164653
152215
187688
163922
132952
180195
143299
156718
150418
174784
160253
145867
145899
163215
154627
163845
153117
170185
134876
150449
150787
163362
153461
134441
147021
180594
169308
190365
148119
150078
176196
180528
156589
146612
145258
151645
172608
152596
158358
167282
139911
154414
182652
129760
167425
129769
174434
118601
149295
159185
169003
167794
162647
133467
145176
154937
176252
182990
139091
186749
133757
177235
157473
167208
167823
156006
146779
171298
142870
159518
127525
172297
186894
145196
168278
128112
158133
164645
176532
154849
176705
159753
163794
193645
127810
132031
171260
169707
171019
158172
176426
126821
165314
192825
182340
168482
167268
170033
161554
170419
143195
153273
172916
156183
176746
176649
131981
154303
190303
157405
187980
126429
168694
182420
186058
152465
151195
167927
154093
166248
166531
139642
148562
136630
157058
175739
143201
149792
170229
150855
115702
158567
172607
147982
147418
154558
175371
156557
144228
153908
167933
169367
136118
172079
171276
144946
156793
182314
164701
169525
143428
150229
165279
142068
168402
155790
145848
154581
145040
155262
141572
146525
149343
139815
174679
154098
139336
173611
152275
191719
161741
173308
182948
165507
150105
166334
146650
181134
184215
153224
169702
163704
142234
184174
159254
186350
134927
176665
195566
168088
152905
136254
137617
141804
178014
155003
176954
139721
173902
160212
146437
148057
182625
136525
158403
146905
162908
153790
178094
168856
177670
136077
157364
165250
185555
162358
153278
176805
163890
139655
167593
153871
165586
186212
168168
149787
146621
189837
205803
140030
167839
143299
145272
170892
179500
128629
136480
170231
173975
184817
177457
138773
181938
197338
152821
152961
146573
144965
152905
158569
154574
154909
197457
171890
192259
174116
148006
164128
169873
180591
158672
159936
141947
175918
153359
167135
182785
141090
165321
179912
165659
166758
181643
150627
142851
157848
136634
164153
135320
146134
169442
175786
162782
167748
162708
184101
188409
146184
167068
149488
175573
175464
181587
153598
156446
134633
160407
164979
133544
170197
130690
155530
187142
179652
170104
162537
134545
147987
146650
156913
174471
178308
154789
152980
164686
170471
183734
157777
153138
155398
145907
188653
165668
146242
144535
164447
132440
155697
197840
170027
168499
131460
170331
147870
157227
166431
197329
176777
174100
155997
134628
176896
172083
156514
161831
158974
176543
186066
148473
159517
186484
164428
177182
174079
195792
153611
167188
150509
154024
164497
151009
179659
170068
160788
157674
135351
171128
165297
148482
170436
163102
172417
137909
194147
153584
161364
126127
159350
174695
154660
153034
135710
159885
145573
188150
153077
152840
165031
161877
179027
139376
156637
123947
155758
153556
164053
172083
145290
156136
158587
162836
163908
176782
143533
177229
177412
166182
162084
173265
140171
182155
143913
190130
151735
147212
166749
156302
175606
137918
156041
151481
158193
154054
159309
175026
196922
156775
172836
163063
149618
167258
185639
155825
155646
181138
200045
153726
160700
131169
176138
156815
137767
166605
159826
135079
145032
163865
139101
162197
189219
159512
182503
184764
168002
169035
183491
181790
161971
150806
173834
204652
163417
180369
163632
167669
171576
144650
167830
168288
138816
175736
159242
160270
186574
160385
150786
152359
169667
169597
146240
197307
152741
179866
181612
147378
146474
160145
161220
182099
156050
170367
146770
149658
186523
136045
174479
173274
126695
155239
161898
201423
149662
167086
154485
162920
157028
127746
165924
155221
144652
158056
146106
160586
140195
178955
123409
146781
160510
108895
156109
181438
159573
185178
171825
144699
170614
171328
163430
175092
143154
157785
159937
165258
173365
175517
174366
176400
167262
143077
138088
178329
152980
160618
171899
165340
157061
186461
182132
168136
148189
144891
158190
172777
153413
172062
154509
158629
171879
197416
144969
158668
145663
195870
153682
142318
177108
161557
146701
159051
165041
153147
171775
141076
153300
177847
180603
135201
180349
150850
144815
177663
151277
161768
167461
163079
145369
155968
155002
180120
164587
191358
176953
127653
171809
156112
129163
147565
179860
146461
163943
177853
157532
164179
151705
166898
172012
183152
158860
166439
149192
164962
154917
155775
165221
174048
119928
150795
148238
181103
141275
159505
131538
166568
156285
193842
150349
155351
146464
162355
163830
177119
165413
190328
148481
181067
177055
162886
149856
166176
165978
163314
118982
129000
189324
155010
159687
161334
145103
160659
145830
167649
136041
179608
148342
162754
161043
170734
164338
166696
181705
140712
151813
155786
170731
182403
149213
168435
156076
169389
157189
163166
163364
159456
148244
133857
163086
184568
164340
147049
151198
163213
144356
166549
188319
159314
165718
153317
170580
157383
180865
170470
163013
138388
158914
178330
169361
156521
175774
156966
144085
151359
147657
169322
154727
171597
178058
144299
158697
167184
184939
161570
139162
170421
167404
175668
173620
165076
166452
174565
177208
183719
179155
168063
165817
151649
154642
180118
145558
139622
163782
162126
174354
166230
164040
149716
143817
168928
184364
143589
148881
154801
150726
147752
150040
179196
164930
178782
159221
187090
142583
143750
133992
167944
163729
146789
185831
174174
180101
183556
153349
142696
167148
157110
176013
148925
162472
149045
169676
139331
146422
169847
173827
174247
172487
150532
147021
163435
184829
203469
185188
147602
140423
164465
154923
167639
153973
178337
174160
140616
145387
163885
190839
160380
142548
149411
148486
147455
143169
149394
126049
166892
175265
144847
156104
160967
153788
131339
189065
148776
153329
150741
155104
162283
162248
163588
128745
175239
161985
189318
168963
143997
157530
150345
158049
178516
187233
145029
181029
186000
153102
159891
140224
191177
160078
135452
180225
151019
150276
179618
163303
148032
181556
205575
206023
171552
144236
148302
167908
166525
188907
171697
142178
169475
163515
161614
151369
166059
156524
168882
177606
161138
145852
161840
144657
135572
152548
149226
164840
156932
197138
172226
158731
168423
171486
184093
146243
141380
165991
177277
139373
188834
152021
165107
145419
174201
171350
144114
144557
166446
160233
142767
139993
142539
176715
150901
169617
176124
150350
137519
186299
154181
156013
192060
164715
126125
164484
182749
142802
169913
168528
205040
151372
156942
144320
166923
150490
161616
143135
160198
170740
164509
179809
144382
145131
158209
165040
136985
193611
192061
127128
142042
173190
171021
143169
174601
148226
143319
159182
156011
178484
160316
155246
155683
156284
158075
186012
167069
163678
159322
157858
157392
140898
149694
164977
171275
163838
162698
176978
136664
168495
118779
116013
149451
157893
167957
179854
145237
133782
149972
170634
151819
160356
170891
136157
151777
153346
135418
172343
149262
165939
155354
173613
173096
134055
182149