32134
36395
33234
29009
37137
41353
36529
31167
36165
38223
47410
25797
28206
30883
48432
33198
28780
33735
32044
32799
28911
35513
41383
44788
34812
37714
38231
34262
33588
33514
41202
30247
30963
34294
39596
38850
31386
32532
40540
32111
43371
38100
43637
32896
32106
33169
40707
33722
36410
30803
41673
37119
34837
34555
37042
35208
42738
28595
41530
36331
42993
39472
39706
33358
26741
38186
41194
43830
45487
26272
34198
29174
39597
40205
26354
37163
36555
23213
29005
24706
32803
25680
27489
37900
41949
30677
39621
31140
36389
38716
41572
35038
47255
33911
37328
39241
41120
39435
29308
25950
35393
31164
31073
35315
40483
41287
28487
34226
34797
34718
36474
38591
32294
24024
35804
40920
40600
46415
35143
29603
46219
32772
38198
34812
33592
29443
29961
38756
27528
33562
29980
38172
32602
44389
37810
24642
26609
33879
32283
34536
45158
40614
40714
44851
30468
30340
30234
30894
32309
34408
34088
39217
43615
36659
41294
36954
42977
43412
36382
39335
38677
39670
37063
35725
32309
43868
39388
34899
37762
31917
34996
35841
31445
43874
38024
40564
37333
42953
35173
37752
40423
25790
31300
29781
39082
37148
21529
31229
25747
47943
37199
37877
35643
34772
38865
39764
38565
35854
32070
32159
34232
38906
43229
39728
39429
40589
39912
39920
30464
41967
26428
34434
36650
33365
31557
36202
33004
36662
44082
30848
30667
26873
49206
34881
31131
40164
36895
35453
36668
35847
28392
31266
44326
43032
26965
36633
22736
27019
34506
31698
44246
43664
30148
42062
38619
36294
28963
40178
39636
41005
38222
33284
33680
33528
35213
35544
23683
29905
38570
28345
35195
29778
25902
35955
33723
29716
31235
24907
42815
37690
30210
20754
43412
42389
42621
38310
39081
33903
28823
36975
38327
34937
37887
33776
34623
38127
42495
31486
40852
30045
42484
41321
38819
36859
37225
30142
33893
38044
34394
35671
32785
36066
31032
34009
36649
26660
41571
37465
37685
31200
38455
44247
39848
35129
37413
29043
39517
42014
33462
39675
30295
31273
28668
29021
31561
32476
41550
28081
48427
35640
38438
36391
34479
32115
32776
31760
36251
30329
34409
39797
34435
36193
37953
38392
41541
34175
34673
34663
41404
33664
39732
33880
30859
31282
36729
37434
32559
34849
35168
37927
46214
33960
34705
27736
28270
37507
35931
31688
30622
30941
32828
25313
36629
35990
37053
41417
43992
40626
39563
28285
33538
26384
36433
37712
29017
43275
37557
48215
30206
32034
43833
29004
33177
31549
31407
34754
42280
28797
33954
34231
39558
43699
36569
33617
31436
36171
49682
35665
37487
36776
28414
34997
33111
38177
25157
44764
40459
40921
32576
36055
41501
35475
35501
36245
31389
37467
25402
32163
38463
35653
38829
30175
33422
28747
36803
25820
41529
23954
42622
41562
39992
33137
45953
37886
33788
27189
33531
35223
31728
34384
30391
32986
43293
31922
37806
28071
32196
41215
40245
27967
37027
38288
39849
32301
20636
30014
38415
43371
32931
37316
36326
35262
28812
37563
38938
43451
37457
39799
36612
37238
33978
33137
38516
31103
36472
41285
32856
31128
29240
29863
43162
35700
40841
38393
36476
39313
41137
31769
38655
40352
33454
39772
35095
35363
43005
36373
29203
40895
34514
41757
40269
40500
28135
31014
32044
33478
35924
37558
38205
35223
39965
36737
31447
30479
34492
42234
31566
33646
34800
31919
35950
41609
40463
28475
28865
28432
29210
33110
36309
34474
33480
36336
34011
39057
34141
36115
33940
41322
36180
36783
21089
46292
34284
37084
31738
32303
38181
38056
35150
30353
32445
41911
32103
31386
34218
36937
39644
33506
32904
35699
33150
35318
44149
33853
35104
36284
33083
35911
30254
31930
36338
35599
31148
26174
37081
25831
35428
46528
26754
38358
25822
41282
37746
49547
35990
27108
36004
31978
37023
25362
30028
34722
35013
33915
42107
39446
32015
43660
39826
38001
32223
33981
40328
30026
35099
37013
41584
40551
40170
39615
42999
31933
36511
45935
30069
36077
23274
37630
48010
36659
41364
35755
33150
36700
31947
35517
31970
31219
34044
29207
43337
30879
33973
28769
31399
28322
33064
45013
34203
39521
33220
37004
37529
29251
45746
45742
34631
32072
30462
35413
33994
39869
40365
36721
39396
34672
35213
42481
28153
43838
34697
28439
29484
27110
26673
37123
44299
31275
33240
34038
38248
32193
38007
34880
38189
33361
36661
46464
38675
32547
36450
27930
40057
40119
31875
37117
34922
32186
48752
29015
32978
28155
33533
45669
35805
31590
29623
27792
28973
32991
35683
38520
28268
41417
33932
32769
34671
36431
28762
27463
32291
38592
38992
46107
41271
44350
34897
39364
34985
32461
40644
31889
45845
39954
32674
32489
41892
38036
32524
33667
35058
34213
33586
45031
33688
36099
28282
30715
28865
32466
31284
31443
32393
34945
45601
39052
37117
45585
56049
31976
34996
36274
37394
32218
35034
38208
43538
40405
39926
38215
35732
35859
34289
42468
43390
30692
41919
30959
37085
33627
40038
38877
29801
36090
37491
35309
38607
39521
32054
34402
37480
38156
36785
26270
35161
34235
32414
34708
38233
39735
39122
42168
40653
26098
37182
34104
36192
48150
35235
36841
26373
29695
35933
40220
36999
22261
41933
41010
31980
33362
32732
27931
34820
36413
36515
34160
32221
39469
30781
35606
42428
39818
35448
39130
29063
27573
35607
35520
27842
30680
40373
37245
29726
44547
39708
34648
24482
35600
31757
36228
32272
44758
31154
40579
28421
36192
48234
36053
36719
35937
36964
33754
36574
38823
37090
43830
33204
39574
34085
39239
36395
45584
33861
34156
39556
36823
37773
40383
33368
38774
33225
34683
38439
34154
33731
34390
42434
35694
41181
40500
33440
31138
36630
37635
23436
28605
35800
29353
29974
37800
40340
38438
32426
34812
40792
40850
34338
26521
35734
38173
36991
36024
38233
37144
34919
43123
40385
40702
29469
43674
39617
40901
23756
39038
41046
37012
32357
35755
26541
41079
38714
31390
42298
26558
32130
30784
37795
33261
40866
39011
37423
30777
29355
38595
33434
40378
38854
34413
34349
44756
40314
39724
35274
28206
40494
34113
32012
43128
36424
25745
40305
40841
29476
43711
30508
31980
42049
35997
37927
41814
39158
40394
34688
36625
45007
43026
43483
40766
42315
27562
39827
39393
34126
39434
29824
38279
37423
35444
42258
33708
31640
27090
39461
42969
33516
36247
39116
37256
41078
32734
31668
35542
35205
39275
29274
37711
30383
29613
49464
36632
31757
39292
37411
36133
42154
48776
32085
46655
32361
34350
30454
36228
35858
27565
28434
35563
28858
40481
35446
41477
21882
32134
35598
20459
39350
39676
34129
46597
34122
39513
38836
42345
35879
32493
34357
38270
32853
37313
39505
35143
33059
41627
47833
28212
30037
39146
31146
38270
43522
37365
32739
46285
35376
32156
38289
36378
36846
41201
36675
40040
25140
39337
54938
48879
40349
33920
34527
43020
31371
35003
33566
35959
39086
32013
35466
36829
39956
35699
40306
33947
34954
27448
33498
39127
30585
34636
28469
31011
34099
38203
25527
37620
34039
37796
39343
43769
38818
31868
39550
40711
29895
30204
37525
34383
37092
43561
36785
36750
32468
38674
33100
43321
39359
40519
30151
36335
31406
38645
33311
43567
31672
40131
37217
41266
32995
37608
24757
37447
36596
52690
39007
35790
39630
34728
36219
42135
34547
40454
36409
39907
43380
37175
36791
37360
40488
40736
31480
32674
37735
39025
34505
40258
25962
34875
36822
37621
34936
42007
33441
28818
39755
31517
33699
39063
36206
39744
36446
35639
41719
40190
36483
32194
33861
40366
38573
34260
35993
37054
37753
28059
41197
41657
38059
29769
30577
39211
28562
41913
37183
35905
40958
37619
38458
39081
37362
37625
34276
36093
37049
31889
29324
33121
38241
29061
35131
31691
38693
39959
39692
30618
40634
35758
32356
37505
40963
35356
28535
42362
39517
41017
36275
29310
36292
40370
32413
38743
38004
38748
39122
27757
37435
43449
37920
37864
38749
38281
39632
45011
31332
30850
32549
29849
43073
32130
36572
33152
28968
33853
27047
36438
38442
41986
37470
44306
35582
32581
26958
34777
25627
24869
44170
35278
36699
46902
30996
27795
40673
30271
39602
43243
35328
34318
38069
29661
27305
33200
37652
41349
47863
32842
29803
29755
41086
48319
37994
28751
30789
34026
37687
42477
27992
45186
40572
33806
29261
30466
40198
34625
34774
35208
37712
33803
36261
36306
32837
32836
37441
31316
30983
35163
34791
33997
34677
30552
29813
38318
36853
32276
37383
26428
26796
37333
29625
42719
35125
36270
31936
30617
32324
42366
42248
26733
39827
40590
35563
39301
26588
41208
38063
35683
40009
32104
34249
43778
35098
34012
41873
41410
50881
38492
34454
27016
42138
40445
44455
40753
32133
41403
32379
33285
28651
30178
32461
36642
36018
33860
27217
33764
33665
31322
27757
30529
40202
37079
42333
36198
43084
35713
47507
40924
40150
37352
40300
26843
32398
43495
39695
34378
42333
41854
43554
35207
30443
37212
37134
26031
38535
34902
37479
29835
35769
40226
32573
23031
36501
39509
32973
44359
36528
29385
30985
40372
33640
33972
27533
38030
31205
33067
32327
42881
31471
35892
38612
28007
42124
40475
38541
34797
30003
40809
40622
38477
39687
46509
31784
35935
30968
38469
32792
40576
30905
24143
41041
29516
36166
42066
44188
35792
30708
40194
37736
34703
31692
31635
26599
30384
37107
26285
34343
38381
33427
36714
38799
29449
38132
22553
28829
41649
33400
43946
37113
26506
41966
25494
35358
38627
36790
39742
29842
35248
40642
29265
37622
35074
40292
30724
34401
45390
27617
40444