0.036090754892188
0.0316134400949922
0.04536519308817182
0.028415358174470287
0.03353228927830416
0.03705017950803482
0.039928453390373674
0.036090754892188
0.03289267288128489
0.03353228927830416
0.03896902875712951
0.03321248107947184
0.03193324829059697
0.027775741798120538
0.04472557664348869
0.041207686243713994
0.0287351663636148
0.031293631900033154
0.039288836967566854
0.034811522080085824
0.034811522080085824
0.03289267288128489
0.03864922054733631
0.034811522080085824
0.03960864517864826
0.0316134400949922
0.03353228927830416
0.03417190567790465
0.03353228927830416
0.027136125424356953
0.03896902875712951
0.036090754892188
0.0316134400949922
0.03289267288128489
0.02969459093492606
0.04088787802941326
0.03257286468374338
0.03545113848484713
0.03385209747778179
0.036090754892188
0.03896902875712951
0.03864922054733631
0.03641056309682561
0.042167110890477914
0.0287351663636148
0.027136125424356953
0.03832941233818732
0.04280672732487125
0.02681631723844514
0.030654015512052477
0.03800960412968261
0.03960864517864826
0.036090754892188
0.03641056309682561
0.03321248107947184
0.03417190567790465
0.04504538486550883
0.03193324829059697
0.029374782743842753
0.03193324829059697
0.04312653554303293
0.03513133028214399
0.029374782743842753
0.03800960412968261
0.03321248107947184
0.03193324829059697
0.04024826160274303
0.041207686243713994
0.04088787802941326
0.0316134400949922
0.03257286468374338
0.031293631900033154
0.03545113848484713
0.04312653554303293
0.027136125424356953
0.03864922054733631
0.03513133028214399
0.02969459093492606
0.03449171387867269
0.030334207319030995
0.030334207319030995
0.03353228927830416
0.0316134400949922
0.032253056486847384
0.03289267288128489
0.03289267288128489
0.044085960201377186
0.03353228927830416
0.034811522080085824
0.036090754892188
0.03417190567790465
0.037369987714606284
0.03449171387867269
0.03321248107947184
0.041207686243713994
0.03353228927830416
0.03257286468374338
0.03513133028214399
0.025856892684590446
0.030654015512052477
0.037369987714606284
0.029374782743842753
0.027775741798120538
0.03289267288128489
0.031293631900033154
0.03768979592182224
0.030014399126655496
0.03417190567790465
0.03800960412968261
0.039928453390373674
0.039288836967566854
0.039928453390373674
0.03353228927830416
0.03449171387867269
0.042486919107352895
0.043766151981285965
0.0316134400949922
0.03321248107947184
0.027775741798120538
0.03289267288128489
0.04024826160274303
0.03800960412968261
0.039928453390373674
0.03513133028214399
0.028095549985972176
0.031293631900033154
0.03385209747778179
0.039288836967566854
0.043446343761837855
0.03896902875712951
0.032253056486847384
0.034811522080085824
0.03960864517864826
0.03832941233818732
0.03289267288128489
0.026176700868561817
0.03289267288128489
0.039288836967566854
0.037369987714606284
0.03832941233818732
0.03417190567790465
0.03193324829059697
0.030334207319030995
0.043446343761837855
0.03417190567790465
0.026176700868561817
0.029374782743842753
0.03193324829059697
0.03832941233818732
0.030654015512052477
0.030654015512052477
0.029374782743842753
0.04632461776001711
0.03545113848484713
0.03449171387867269
0.044085960201377186
0.03449171387867269
0.03800960412968261
0.036090754892188
0.04024826160274303
0.0418473026742464
0.0316134400949922
0.03321248107947184
0.03705017950803482
0.03960864517864826
0.03768979592182224
0.043766151981285965
0.030334207319030995
0.039928453390373674
0.035770946688195145
0.036730371302107906
0.03641056309682561
0.03705017950803482
0.039288836967566854
0.03896902875712951
0.03960864517864826
0.041207686243713994
0.03417190567790465
0.03832941233818732
0.0316134400949922
0.03097382370571989
0.03321248107947184
0.03289267288128489
0.024897468136558316
0.030654015512052477
0.027775741798120538
0.028415358174470287
0.03097382370571989
0.032253056486847384
0.04088787802941326
0.03097382370571989
0.03513133028214399
0.036730371302107906
0.030654015512052477
0.0418473026742464
0.03417190567790465
0.036730371302107906
0.039288836967566854
0.03896902875712951
0.03896902875712951
0.03896902875712951
0.046004809535426024
0.03960864517864826
0.04312653554303293
0.032253056486847384
0.0287351663636148
0.030334207319030995
0.0316134400949922
0.03545113848484713
0.039928453390373674
0.02969459093492606
0.02905497455340564
0.03193324829059697
0.03641056309682561
0.03321248107947184
0.03385209747778179
0.02905497455340564
0.0418473026742464
0.041207686243713994
0.030014399126655496
0.026176700868561817
0.028415358174470287
0.044085960201377186
0.042167110890477914
0.03353228927830416
0.04760385066480641
0.034811522080085824
0.035770946688195145
0.03321248107947184
0.034811522080085824
0.039288836967566854
0.03768979592182224
0.036730371302107906
0.030014399126655496
0.030654015512052477
0.037369987714606284
0.02969459093492606
0.028415358174470287
0.034811522080085824
0.030334207319030995
0.03800960412968261
0.04088787802941326
0.03545113848484713
0.0415274944586584
0.026176700868561817
0.03321248107947184
0.03513133028214399
0.03353228927830416
0.03353228927830416
0.037369987714606284
0.042167110890477914
0.042167110890477914
0.03385209747778179
0.036730371302107906
0.03768979592182224
0.03513133028214399
0.02969459093492606
0.026176700868561817
0.039288836967566854
0.04024826160274303
0.03353228927830416
0.030014399126655496
0.030334207319030995
0.03385209747778179
0.03321248107947184
0.029374782743842753
0.02905497455340564
0.02329842723611547
0.03449171387867269
0.039288836967566854
0.03641056309682561
0.03257286468374338
0.036090754892188
0.03417190567790465
0.03321248107947184
0.02969459093492606
0.03449171387867269
0.03513133028214399
0.03705017950803482
0.03385209747778179
0.03800960412968261
0.030014399126655496
0.03257286468374338
0.041207686243713994
0.03193324829059697
0.03193324829059697
0.03800960412968261
0.039928453390373674
0.043446343761837855
0.03193324829059697
0.0316134400949922
0.03768979592182224
0.0415274944586584
0.03193324829059697
0.034811522080085824
0.03800960412968261
0.03193324829059697
0.04088787802941326
0.030014399126655496
0.037369987714606284
0.03417190567790465
0.0287351663636148
0.02969459093492606
0.03385209747778179
0.039928453390373674
0.04056806981575624
0.03960864517864826
0.036090754892188
0.029374782743842753
0.04280672732487125
0.034811522080085824
0.02905497455340564
0.02905497455340564
0.028095549985972176
0.03960864517864826
0.0316134400949922
0.03641056309682561
0.042167110890477914
0.03800960412968261
0.0418473026742464
0.03417190567790465
0.03289267288128489
0.022978619057969125
0.030014399126655496
0.032253056486847384
0.03449171387867269
0.04568500131147757
0.03289267288128489
0.03768979592182224
0.03896902875712951
0.03864922054733631
0.03385209747778179
0.0316134400949922
0.03353228927830416
0.03257286468374338
0.041207686243713994
0.026176700868561817
0.03193324829059697
0.037369987714606284
0.03385209747778179
0.043446343761837855
0.041207686243713994
0.03193324829059697
0.046004809535426024
0.03385209747778179
0.030334207319030995
0.030654015512052477
0.03545113848484713
0.03417190567790465
0.034811522080085824
0.03896902875712951
0.03705017950803482
0.04280672732487125
0.03768979592182224
0.039928453390373674
0.036090754892188
0.03768979592182224
0.04088787802941326
0.0418473026742464
0.034811522080085824
0.043446343761837855
0.034811522080085824
0.032253056486847384
0.030654015512052477
0.03321248107947184
0.04056806981575624
0.0418473026742464
0.0316134400949922
0.031293631900033154
0.03353228927830416
0.03417190567790465
0.03417190567790465
0.03513133028214399
0.03705017950803482
0.03353228927830416
0.030654015512052477
0.04440576842211145
0.03832941233818732
0.04088787802941326
0.03896902875712951
0.035770946688195145
0.03864922054733631
0.03417190567790465
0.03257286468374338
0.03705017950803482
0.03353228927830416
0.03097382370571989
0.04024826160274303
0.03289267288128489
0.030334207319030995
0.0415274944586584
0.03800960412968261
0.0316134400949922
0.03417190567790465
0.03257286468374338
0.034811522080085824
0.039288836967566854
0.04088787802941326
0.04312653554303293
0.03417190567790465
0.03800960412968261
0.0418473026742464
0.03864922054733631
0.03832941233818732
0.03417190567790465
0.03896902875712951
0.04536519308817182
0.036090754892188
0.03641056309682561
0.030014399126655496
0.03545113848484713
0.034811522080085824
0.03353228927830416
0.025217276318588628
0.036090754892188
0.04056806981575624
0.029374782743842753
0.03768979592182224
0.03289267288128489
0.02745593361091544
0.03449171387867269
0.0415274944586584
0.03641056309682561
0.036090754892188
0.035770946688195145
0.02905497455340564
0.0316134400949922
0.03289267288128489
0.03960864517864826
0.03896902875712951
0.043446343761837855
0.03705017950803482
0.030014399126655496
0.029374782743842753
0.039288836967566854
0.03321248107947184
0.03417190567790465
0.028415358174470287
0.03768979592182224
0.03641056309682561
0.04312653554303293
0.03800960412968261
0.030334207319030995
0.03321248107947184
0.03289267288128489
0.036090754892188
0.034811522080085824
0.03385209747778179
0.035770946688195145
0.03832941233818732
0.03385209747778179
0.03768979592182224
0.03513133028214399
0.03449171387867269
0.04088787802941326
0.03545113848484713
0.036730371302107906
0.04088787802941326
0.03800960412968261
0.0316134400949922
0.03257286468374338
0.041207686243713994
0.04056806981575624
0.03321248107947184
0.025856892684590446
0.03960864517864826
0.03705017950803482
0.035770946688195145
0.03289267288128489
0.030654015512052477
0.03641056309682561
0.03513133028214399
0.032253056486847384
0.03257286468374338
0.04280672732487125
0.03545113848484713
0.039288836967566854
0.0415274944586584
0.03193324829059697
0.03832941233818732
0.03800960412968261
0.03257286468374338
0.03385209747778179
0.0316134400949922
0.04760385066480641
0.04056806981575624
0.032253056486847384
0.0316134400949922
0.027136125424356953
0.035770946688195145
0.04088787802941326
0.03289267288128489
0.025856892684590446
0.03193324829059697
0.04312653554303293
0.03545113848484713
0.03289267288128489
0.037369987714606284
0.03705017950803482
0.03385209747778179
0.03641056309682561
0.039928453390373674
0.03193324829059697
0.036730371302107906
0.03449171387867269
0.03449171387867269
0.0316134400949922
0.03289267288128489
0.041207686243713994
0.03321248107947184
0.03896902875712951
0.03385209747778179
0.035770946688195145
0.03097382370571989
0.03321248107947184
0.039288836967566854
0.032253056486847384
0.0415274944586584
0.043446343761837855
0.03097382370571989
0.03353228927830416
0.03289267288128489
0.039288836967566854
0.035770946688195145
0.037369987714606284
0.03513133028214399
0.03193324829059697
0.03417190567790465
0.037369987714606284
0.03705017950803482
0.039288836967566854
0.03545113848484713
0.03385209747778179
0.03385209747778179
0.030014399126655496
0.03097382370571989
0.03641056309682561
0.039288836967566854
0.030014399126655496
0.030334207319030995
0.04312653554303293
0.036090754892188
0.03960864517864826
0.0287351663636148
0.030014399126655496
0.04280672732487125
0.03960864517864826
0.031293631900033154
0.03289267288128489
0.03289267288128489
0.02969459093492606
0.03417190567790465
0.03321248107947184
0.03545113848484713
0.03353228927830416
0.030014399126655496
0.032253056486847384
0.04024826160274303
0.0316134400949922
0.035770946688195145
0.027775741798120538
0.036730371302107906
0.028415358174470287
0.03385209747778179
0.03321248107947184
0.04088787802941326
0.032253056486847384
0.036730371302107906
0.02969459093492606
0.039288836967566854
0.036090754892188
0.032253056486847384
0.03768979592182224
0.036090754892188
0.039288836967566854
0.032253056486847384
0.04056806981575624
0.03385209747778179
0.04504538486550883
0.041207686243713994
0.04088787802941326
0.03289267288128489
0.041207686243713994
0.034811522080085824
0.027136125424356953
0.03289267288128489
0.03513133028214399
0.03641056309682561
0.03257286468374338
0.036090754892188
0.03417190567790465
0.03257286468374338
0.041207686243713994
0.041207686243713994
0.03321248107947184
0.0316134400949922
0.0316134400949922
0.03705017950803482
0.042486919107352895
0.02681631723844514
0.027775741798120538
0.03832941233818732
0.03289267288128489
0.02905497455340564
0.03449171387867269
0.037369987714606284
0.025856892684590446
0.034811522080085824
0.043446343761837855
0.03896902875712951
0.0415274944586584
0.041207686243713994
0.04504538486550883
0.030654015512052477
0.037369987714606284
0.03641056309682561
0.027136125424356953
0.04088787802941326
0.03097382370571989
0.03545113848484713
0.03545113848484713
0.0316134400949922
0.03321248107947184
0.04440576842211145
0.03832941233818732
0.03385209747778179
0.0316134400949922
0.03545113848484713
0.04088787802941326
0.041207686243713994
0.034811522080085824
0.03289267288128489
0.03353228927830416
0.036730371302107906
0.03513133028214399
0.030654015512052477
0.032253056486847384
0.03705017950803482
0.031293631900033154
0.029374782743842753
0.03449171387867269
0.036730371302107906
0.030014399126655496
0.042486919107352895
0.0316134400949922
0.025856892684590446
0.03705017950803482
0.036090754892188
0.034811522080085824
0.041207686243713994
0.03800960412968261
0.0415274944586584
0.037369987714606284
0.026496509053180073
0.036730371302107906
0.03353228927830416
0.03545113848484713
0.02681631723844514
0.03800960412968261
0.037369987714606284
0.025856892684590446
0.031293631900033154
0.03705017950803482
0.039928453390373674
0.046004809535426024
0.03545113848484713
0.0316134400949922
0.029374782743842753
0.03449171387867269
0.036090754892188
0.03289267288128489
0.030654015512052477
0.03768979592182224
0.027136125424356953
0.03385209747778179
0.034811522080085824
0.03832941233818732
0.031293631900033154
0.03353228927830416
0.043766151981285965
0.036090754892188
0.0287351663636148
0.034811522080085824
0.028415358174470287
0.043766151981285965
0.03193324829059697
0.03545113848484713
0.035770946688195145
0.0316134400949922
0.03545113848484713
0.03545113848484713
0.03800960412968261
0.03896902875712951
0.03641056309682561
0.03800960412968261
0.037369987714606284
0.034811522080085824
0.028095549985972176
0.032253056486847384
0.030654015512052477
0.037369987714606284
0.03097382370571989
0.0316134400949922
0.039928453390373674
0.04280672732487125
0.03513133028214399
0.0316134400949922
0.0287351663636148
0.041207686243713994
0.03705017950803482
0.03513133028214399
0.036090754892188
0.03097382370571989
0.042486919107352895
0.03513133028214399
0.02969459093492606
0.03960864517864826
0.039928453390373674
0.04056806981575624
0.03513133028214399
0.032253056486847384
0.03832941233818732
0.035770946688195145
0.03896902875712951
0.03513133028214399
0.034811522080085824
0.03193324829059697
0.03449171387867269
0.03321248107947184
0.03768979592182224
0.03417190567790465
0.03353228927830416
0.03417190567790465
0.03960864517864826
0.026496509053180073
0.034811522080085824
0.032253056486847384
0.03832941233818732
0.041207686243713994
0.03705017950803482
0.03321248107947184
0.032253056486847384
0.04056806981575624
0.04824346712105507
0.036730371302107906
0.04440576842211145
0.03960864517864826
0.037369987714606284
0.042167110890477914
0.02905497455340564
0.028095549985972176
0.036730371302107906
0.035770946688195145
0.04056806981575624
0.0418473026742464
0.04280672732487125
0.030334207319030995
0.039928453390373674
0.042486919107352895
0.0316134400949922
0.03960864517864826
0.03800960412968261
0.032253056486847384
0.041207686243713994
0.028415358174470287
0.02969459093492606
0.03513133028214399
0.03864922054733631
0.029374782743842753
0.03705017950803482
0.037369987714606284
0.03832941233818732
0.032253056486847384
0.03513133028214399
0.03321248107947184
0.035770946688195145
0.039288836967566854
0.03353228927830416
0.04472557664348869
0.03641056309682561
0.03800960412968261
0.04280672732487125
0.036090754892188
0.03545113848484713
0.042167110890477914
0.04088787802941326
0.03353228927830416
0.037369987714606284
0.03705017950803482
0.036730371302107906
0.03832941233818732
0.03449171387867269
0.03097382370571989
0.031293631900033154
0.03193324829059697
0.03385209747778179
0.03321248107947184
0.03800960412968261
0.032253056486847384
0.034811522080085824
0.0418473026742464
0.0415274944586584
0.03289267288128489
0.03289267288128489
0.035770946688195145
0.03417190567790465
0.04024826160274303
0.04472557664348869
0.034811522080085824
0.044085960201377186
0.030654015512052477
0.03417190567790465
0.037369987714606284
0.03193324829059697
0.03545113848484713
0.034811522080085824
0.03257286468374338
0.043766151981285965
0.036090754892188
0.0316134400949922
0.03641056309682561
0.031293631900033154
0.03545113848484713
0.03800960412968261
0.034811522080085824
0.03641056309682561
0.043766151981285965
0.03417190567790465
0.030654015512052477
0.032253056486847384
0.03864922054733631
0.035770946688195145
0.03321248107947184
0.03960864517864826
0.03513133028214399
0.02905497455340564
0.04280672732487125
0.03257286468374338
0.036090754892188
0.03321248107947184
0.039288836967566854
0.03353228927830416
0.032253056486847384
0.04504538486550883
0.037369987714606284
0.0316134400949922
0.034811522080085824
0.03289267288128489
0.02905497455340564
0.036730371302107906
0.03449171387867269
0.037369987714606284
0.03641056309682561
0.03545113848484713
0.03417190567790465
0.0316134400949922
0.041207686243713994
0.03321248107947184
0.0316134400949922
0.03545113848484713
0.04024826160274303
0.039288836967566854
0.034811522080085824
0.030334207319030995
0.03800960412968261
0.03641056309682561
0.039928453390373674
0.039928453390373674
0.03449171387867269
0.03800960412968261
0.0316134400949922
0.03960864517864826
0.03097382370571989
0.030334207319030995
0.032253056486847384
0.02905497455340564
0.039928453390373674
0.04536519308817182
0.03768979592182224
0.037369987714606284
0.03097382370571989
0.03321248107947184
0.03321248107947184
0.02969459093492606
0.03513133028214399
0.03353228927830416
0.03960864517864826
0.02681631723844514
0.043766151981285965
0.037369987714606284
0.03768979592182224
0.03289267288128489
0.034811522080085824
0.036090754892188
0.04312653554303293
0.030014399126655496
0.03353228927830416
0.03513133028214399
0.034811522080085824
0.028415358174470287
0.04024826160274303
0.037369987714606284
0.03513133028214399
0.034811522080085824
0.03800960412968261
0.034811522080085824
0.039288836967566854
0.03193324829059697
0.03289267288128489
0.03289267288128489
0.03257286468374338
0.034811522080085824
0.039288836967566854
0.0316134400949922
0.0415274944586584
0.03705017950803482
0.03960864517864826
0.03768979592182224
0.02969459093492606
0.03641056309682561
0.03800960412968261
0.036730371302107906
0.036090754892188
0.03193324829059697
0.02745593361091544
0.037369987714606284
0.03641056309682561
0.035770946688195145
0.03257286468374338
0.036730371302107906
0.03545113848484713
0.03385209747778179
0.03513133028214399
0.03417190567790465
0.0287351663636148
0.042167110890477914
0.030014399126655496
0.03641056309682561
0.03289267288128489
0.04088787802941326
0.043446343761837855
0.0287351663636148
0.036090754892188
0.04024826160274303
0.03353228927830416
0.03385209747778179
0.04024826160274303
0.03960864517864826
0.03705017950803482
0.0415274944586584
0.03832941233818732
0.03960864517864826
0.042486919107352895
0.028095549985972176
0.03417190567790465
0.035770946688195145
0.032253056486847384
0.042167110890477914
0.039928453390373674
0.028095549985972176
0.03097382370571989
0.03513133028214399
0.026496509053180073
0.037369987714606284
0.03800960412968261
0.030014399126655496
0.03896902875712951
0.03545113848484713
0.03768979592182224
0.03768979592182224
0.03545113848484713
0.028095549985972176
0.03800960412968261
0.03768979592182224
0.044085960201377186
0.04568500131147757
0.03641056309682561
0.03641056309682561
0.03449171387867269
0.035770946688195145
0.04088787802941326
0.030654015512052477
0.04088787802941326
0.03960864517864826
0.03321248107947184
0.03768979592182224
0.036730371302107906
0.032253056486847384
0.04280672732487125
0.03353228927830416
0.03257286468374338
0.025856892684590446
0.03545113848484713
0.04888308357987234
0.035770946688195145
0.03513133028214399
0.03289267288128489
0.036730371302107906
0.0415274944586584
0.030654015512052477
0.03960864517864826
0.03832941233818732
0.036090754892188
0.037369987714606284
0.03449171387867269
0.04440576842211145
0.03097382370571989
0.030334207319030995
0.034811522080085824
0.03097382370571989
0.03896902875712951
0.035770946688195145
0.03353228927830416
0.030334207319030995
0.035770946688195145
0.04312653554303293
0.024257851774439225
0.036090754892188
0.035770946688195145
0.0316134400949922
0.028415358174470287
0.030334207319030995
0.0415274944586584
0.036730371302107906
0.030334207319030995
0.03289267288128489
0.03641056309682561
0.03385209747778179
0.03513133028214399
0.04088787802941326
0.03417190567790465
0.03960864517864826
0.030014399126655496
0.02329842723611547
0.03193324829059697
0.0287351663636148
0.03417190567790465
0.041207686243713994
0.0415274944586584
0.026496509053180073
0.036730371302107906
0.03385209747778179
0.03513133028214399
0.037369987714606284
0.036090754892188
0.03321248107947184
0.03832941233818732
0.03193324829059697
0.03513133028214399
0.030334207319030995
0.037369987714606284
0.03800960412968261
0.03417190567790465
0.03353228927830416
0.03289267288128489
0.04056806981575624
0.030014399126655496
0.0415274944586584
0.03800960412968261
0.03864922054733631
0.041207686243713994
0.035770946688195145
0.030334207319030995
0.03768979592182224
0.034811522080085824
0.030334207319030995
0.039288836967566854
0.037369987714606284
0.039928453390373674
0.03641056309682561
0.0316134400949922
0.03353228927830416
0.04312653554303293
0.039288836967566854
0.035770946688195145
0.032253056486847384
0.02745593361091544
0.03768979592182224
0.03257286468374338
0.027136125424356953
0.035770946688195145
0.03832941233818732
0.036090754892188
0.03449171387867269
0.029374782743842753
0.030014399126655496
0.03896902875712951
0.03289267288128489
0.032253056486847384
0.03896902875712951
0.03768979592182224
0.03353228927830416
0.037369987714606284
0.03705017950803482
0.034811522080085824
0.0316134400949922
0.027775741798120538
0.03513133028214399
0.02905497455340564
0.041207686243713994
0.030014399126655496
0.039288836967566854
0.036730371302107906
0.03545113848484713
0.03385209747778179
0.03960864517864826
0.028415358174470287
0.03193324829059697
0.03768979592182224
0.036730371302107906
0.027136125424356953
0.030334207319030995
0.034811522080085824
0.03545113848484713
0.03896902875712951
0.039288836967566854
0.03641056309682561
0.03513133028214399
0.03257286468374338
0.03097382370571989
0.03385209747778179
0.04056806981575624
0.03257286468374338
0.03417190567790465
0.03321248107947184
0.039288836967566854
0.037369987714606284
0.042486919107352895
0.03896902875712951
0.0418473026742464
0.028095549985972176
0.03289267288128489
0.029374782743842753
0.031293631900033154
0.030014399126655496
0.034811522080085824
0.02969459093492606
0.03832941233818732
0.032253056486847384
0.0418473026742464
0.037369987714606284
0.03193324829059697
0.030334207319030995
0.04056806981575624
0.03832941233818732
0.034811522080085824
0.03321248107947184
0.04440576842211145
0.03289267288128489
0.04504538486550883
0.04024826160274303
0.03257286468374338
0.030334207319030995
0.03257286468374338
0.030654015512052477
0.030334207319030995
0.02169938635186011
0.03832941233818732
0.03513133028214399
0.030654015512052477
0.03513133028214399
0.035770946688195145
0.03768979592182224
0.03896902875712951
0.03896902875712951
0.0415274944586584
0.02905497455340564
0.03864922054733631
0.03193324829059697
0.03289267288128489
0.03257286468374338
0.039288836967566854
0.04088787802941326
0.037369987714606284
0.034811522080085824
0.03449171387867269
0.03449171387867269
0.03768979592182224
0.03449171387867269
0.04472557664348869
0.034811522080085824
0.03449171387867269
0.037369987714606284
0.03896902875712951
0.0316134400949922
0.03321248107947184
0.03289267288128489
0.037369987714606284
0.027775741798120538
0.03353228927830416
0.03896902875712951
0.039288836967566854
0.03832941233818732
0.024897468136558316
0.03864922054733631
0.03705017950803482
0.03321248107947184
0.03705017950803482
0.03864922054733631
0.03321248107947184
0.04056806981575624
0.030654015512052477
0.035770946688195145
0.042486919107352895
0.041207686243713994
0.03832941233818732
0.03385209747778179
0.030654015512052477
0.04472557664348869
0.03097382370571989
0.03449171387867269
0.03705017950803482
0.0316134400949922
0.03960864517864826
0.03289267288128489
0.030334207319030995
0.03321248107947184
0.03321248107947184
0.03641056309682561
0.043766151981285965
0.039928453390373674
0.036090754892188
0.029374782743842753
0.039288836967566854
0.03960864517864826
0.03896902875712951
0.03289267288128489
0.042167110890477914
0.035770946688195145
0.032253056486847384
0.03513133028214399
0.03641056309682561
0.034811522080085824
0.03800960412968261
0.036090754892188
0.043446343761837855
0.042167110890477914
0.03385209747778179
0.036730371302107906
0.032253056486847384
0.03321248107947184
0.04088787802941326
0.027775741798120538
0.030014399126655496
0.042167110890477914
0.03353228927830416
0.0418473026742464
0.036730371302107906
0.042486919107352895
0.031293631900033154
0.025217276318588628
0.041207686243713994
0.043446343761837855
0.03641056309682561
0.03097382370571989
0.03545113848484713
0.03768979592182224
0.028415358174470287
0.03449171387867269
0.042167110890477914
0.04024826160274303
0.04088787802941326
0.02969459093492606
0.042167110890477914
0.03321248107947184
0.03289267288128489
0.0316134400949922
0.042167110890477914
0.030334207319030995
0.03641056309682561
0.0418473026742464
0.028095549985972176
0.03800960412968261
0.04024826160274303
0.032253056486847384
0.03257286468374338
0.0316134400949922
0.031293631900033154
0.03641056309682561
0.03513133028214399
0.030654015512052477
0.03321248107947184
0.04088787802941326
0.0287351663636148
0.03193324829059697
0.03800960412968261
0.03960864517864826
0.03705017950803482
0.03513133028214399
0.03705017950803482
0.032253056486847384
0.03705017950803482
0.036090754892188
0.04088787802941326
0.03705017950803482
0.025217276318588628
0.03800960412968261
0.0316134400949922
0.03449171387867269
0.03705017950803482
0.03960864517864826
0.03449171387867269
0.03832941233818732
0.0287351663636148
0.03289267288128489
0.03353228927830416
0.03417190567790465
0.03449171387867269
0.026176700868561817
0.03353228927830416
0.035770946688195145
0.03896902875712951
0.03385209747778179
0.03321248107947184
0.03097382370571989
0.037369987714606284
0.03321248107947184
0.030334207319030995
0.03289267288128489
0.04056806981575624
0.0287351663636148
0.03545113848484713
0.02905497455340564
0.037369987714606284
0.02969459093492606
0.036090754892188
0.03800960412968261
0.03385209747778179
0.03353228927830416
0.03417190567790465
0.03097382370571989
0.0287351663636148
0.03449171387867269
0.04312653554303293
0.03449171387867269
0.03513133028214399
0.03896902875712951
0.03353228927830416
0.027775741798120538
0.03353228927830416
0.03800960412968261
0.031293631900033154
0.044085960201377186
0.037369987714606284
0.03321248107947184
0.0287351663636148
0.03705017950803482
0.04088787802941326
0.029374782743842753
0.02969459093492606
0.037369987714606284
0.03353228927830416
0.03097382370571989
0.036090754892188
0.037369987714606284
0.03289267288128489
0.04312653554303293
0.0415274944586584
0.044085960201377186
0.03800960412968261
0.026496509053180073
0.029374782743842753
0.0316134400949922
0.041207686243713994
0.04024826160274303
0.039928453390373674
0.031293631900033154
0.03257286468374338
0.036090754892188
0.03289267288128489
0.035770946688195145
0.032253056486847384
0.030334207319030995
0.03545113848484713
0.04440576842211145
0.03896902875712951
0.03353228927830416
0.03768979592182224
0.036730371302107906
0.030014399126655496
0.035770946688195145
0.0287351663636148
0.036730371302107906
0.035770946688195145
0.03864922054733631
0.035770946688195145
0.030014399126655496
0.03417190567790465
0.034811522080085824
0.03864922054733631
0.030654015512052477
0.031293631900033154
0.036090754892188
0.03513133028214399
0.03289267288128489
0.039288836967566854
0.03321248107947184
0.03385209747778179
0.036090754892188
0.037369987714606284
0.03545113848484713
0.02969459093492606
0.0316134400949922
0.03289267288128489
0.03097382370571989
0.03417190567790465
0.030014399126655496
0.028415358174470287
0.03705017950803482
0.030654015512052477
0.03449171387867269
0.039288836967566854
0.03641056309682561
0.030014399126655496
0.04024826160274303
0.03257286468374338
0.03257286468374338
0.04024826160274303
0.03353228927830416
0.0287351663636148
0.03800960412968261
0.036090754892188
0.03705017950803482
0.03417190567790465
0.03257286468374338
0.04056806981575624
0.027136125424356953
0.04024826160274303
0.03289267288128489
0.039288836967566854
0.02969459093492606
0.03417190567790465
0.03417190567790465
0.035770946688195145
0.042167110890477914
0.036090754892188
0.03289267288128489
0.030014399126655496
0.03257286468374338
0.042167110890477914
0.036090754892188
0.030654015512052477
0.03449171387867269
0.043446343761837855
0.0287351663636148
0.03417190567790465
0.036730371302107906
0.03800960412968261
0.0316134400949922
0.0316134400949922
0.03353228927830416
0.0287351663636148
0.04280672732487125
0.03800960412968261
0.036090754892188
0.03896902875712951
0.02905497455340564
0.03353228927830416
0.03385209747778179
0.03417190567790465
0.03832941233818732
0.03449171387867269
0.03417190567790465
0.02681631723844514
0.030654015512052477
0.03193324829059697
0.032253056486847384
0.0287351663636148
0.03513133028214399
0.032253056486847384
0.03321248107947184
0.03321248107947184
0.042486919107352895
0.02745593361091544
0.03545113848484713
0.027136125424356953
0.023618235414909317
0.031293631900033154
0.036730371302107906
0.03705017950803482
0.04088787802941326
0.032253056486847384
0.03097382370571989
0.03545113848484713
0.03289267288128489
0.03193324829059697
0.03513133028214399
0.03097382370571989
0.025856892684590446
0.03417190567790465
0.035770946688195145
0.026496509053180073
0.042167110890477914
0.03768979592182224
0.03289267288128489
0.036090754892188
0.036730371302107906
0.046644425985250766
0.025217276318588628
0.04088787802941326