0.03864922054733631
0.03545113848484713
0.05591886479623375
0.02905497455340564
0.04472557664348869
0.03864922054733631
0.04888308357987234
0.04504538486550883
0.039288836967566854
0.04056806981575624
0.046004809535426024
0.049522700041257674
0.031293631900033154
0.03641056309682561
0.054319823583449285
0.052081165912468655
0.032253056486847384
0.037369987714606284
0.046644425985250766
0.042167110890477914
0.04312653554303293
0.03417190567790465
0.05080193297173033
0.04472557664348869
0.05272078238668607
0.03800960412968261
0.04696423421112691
0.04056806981575624
0.039288836967566854
0.026496509053180073
0.05016231650521052
0.043446343761837855
0.04088787802941326
0.03257286468374338
0.039928453390373674
0.04920289181024404
0.03800960412968261
0.04472557664348869
0.044085960201377186
0.039288836967566854
0.05048212473814959
0.043766151981285965
0.04024826160274303
0.06007637202439133
0.030014399126655496
0.029374782743842753
0.04920289181024404
0.049522700041257674
0.029374782743842753
0.03896902875712951
0.04472557664348869
0.05368020710282097
0.04280672732487125
0.04536519308817182
0.03641056309682561
0.043766151981285965
0.055599056552395575
0.037369987714606284
0.03960864517864826
0.035770946688195145
0.049522700041257674
0.04312653554303293
0.037369987714606284
0.05080193297173033
0.036730371302107906
0.03449171387867269
0.04824346712105507
0.04824346712105507
0.046644425985250766
0.03832941233818732
0.044085960201377186
0.03417190567790465
0.04056806981575624
0.04792365889260963
0.03321248107947184
0.042486919107352895
0.042486919107352895
0.03353228927830416
0.042167110890477914
0.039928453390373674
0.03385209747778179
0.03864922054733631
0.04024826160274303
0.03705017950803482
0.04568500131147757
0.043446343761837855
0.054639631824724755
0.04888308357987234
0.0415274944586584
0.039928453390373674
0.030014399126655496
0.04024826160274303
0.039288836967566854
0.03513133028214399
0.04760385066480641
0.036090754892188
0.03385209747778179
0.043446343761837855
0.022339002703619208
0.03417190567790465
0.042167110890477914
0.039928453390373674
0.030654015512052477
0.03417190567790465
0.043446343761837855
0.04984250827291319
0.02905497455340564
0.044085960201377186
0.04536519308817182
0.052400974149256735
0.046004809535426024
0.04632461776001711
0.03545113848484713
0.04312653554303293
0.052400974149256735
0.04568500131147757
0.03513133028214399
0.039288836967566854
0.03513133028214399
0.04024826160274303
0.04824346712105507
0.04696423421112691
0.04920289181024404
0.044085960201377186
0.02905497455340564
0.035770946688195145
0.04280672732487125
0.05144154944081656
0.0578377142727111
0.046644425985250766
0.034811522080085824
0.0418473026742464
0.04312653554303293
0.04792365889260963
0.03449171387867269
0.028095549985972176
0.03449171387867269
0.046004809535426024
0.042167110890477914
0.03832941233818732
0.03705017950803482
0.03545113848484713
0.03257286468374338
0.054639631824724755
0.03832941233818732
0.02905497455340564
0.03545113848484713
0.03641056309682561
0.03960864517864826
0.032253056486847384
0.039928453390373674
0.029374782743842753
0.06039618027719038
0.039928453390373674
0.041207686243713994
0.05687828953159107
0.04024826160274303
0.052081165912468655
0.03864922054733631
0.05336039886346826
0.054639631824724755
0.0418473026742464
0.039928453390373674
0.04696423421112691
0.05527924830919796
0.04088787802941326
0.054959440066641004
0.03768979592182224
0.05176135767632191
0.04760385066480641
0.044085960201377186
0.04888308357987234
0.04696423421112691
0.044085960201377186
0.04888308357987234
0.046644425985250766
0.053040590624756606
0.04024826160274303
0.05176135767632191
0.0418473026742464
0.03417190567790465
0.036090754892188
0.037369987714606284
0.02681631723844514
0.0316134400949922
0.025537084501266027
0.032253056486847384
0.0418473026742464
0.03545113848484713
0.04792365889260963
0.03193324829059697
0.044085960201377186
0.04472557664348869
0.04088787802941326
0.04440576842211145
0.043446343761837855
0.04056806981575624
0.05112174120595268
0.05048212473814959
0.054319823583449285
0.054000015342814664
0.052081165912468655
0.04536519308817182
0.06007637202439133
0.04056806981575624
0.0287351663636148
0.029374782743842753
0.036090754892188
0.046644425985250766
0.049522700041257674
0.03321248107947184
0.036090754892188
0.04088787802941326
0.04696423421112691
0.03641056309682561
0.042167110890477914
0.030334207319030995
0.05879713901959199
0.05623867304071244
0.03385209747778179
0.02745593361091544
0.036730371302107906
0.05048212473814959
0.05751790602503091
0.04440576842211145
0.06071598853062898
0.04088787802941326
0.04632461776001711
0.043446343761837855
0.04024826160274303
0.05591886479623375
0.04984250827291319
0.044085960201377186
0.034811522080085824
0.03641056309682561
0.05272078238668607
0.03545113848484713
0.03321248107947184
0.03896902875712951
0.029374782743842753
0.04824346712105507
0.04504538486550883
0.046644425985250766
0.046004809535426024
0.025217276318588628
0.04024826160274303
0.04728404243764548
0.03832941233818732
0.0418473026742464
0.04056806981575624
0.04984250827291319
0.05751790602503091
0.04024826160274303
0.043766151981285965
0.04888308357987234
0.044085960201377186
0.037369987714606284
0.03193324829059697
0.054319823583449285
0.05591886479623375
0.04888308357987234
0.028095549985972176
0.037369987714606284
0.04536519308817182
0.041207686243713994
0.03864922054733631
0.031293631900033154
0.022978619057969125
0.04024826160274303
0.05527924830919796
0.041207686243713994
0.04056806981575624
0.04312653554303293
0.042167110890477914
0.042486919107352895
0.037369987714606284
0.052081165912468655
0.04856327535014267
0.041207686243713994
0.036090754892188
0.04440576842211145
0.037369987714606284
0.03321248107947184
0.043766151981285965
0.03960864517864826
0.03896902875712951
0.052400974149256735
0.05048212473814959
0.059116947269832174
0.03768979592182224
0.03417190567790465
0.05336039886346826
0.05719809777799087
0.03641056309682561
0.036090754892188
0.04504538486550883
0.036090754892188
0.04760385066480641
0.02745593361091544
0.05048212473814959
0.03417190567790465
0.036090754892188
0.042486919107352895
0.04312653554303293
0.04632461776001711
0.04088787802941326
0.044085960201377186
0.042486919107352895
0.03768979592182224
0.05144154944081656
0.041207686243713994
0.03417190567790465
0.0287351663636148
0.032253056486847384
0.04472557664348869
0.03864922054733631
0.04472557664348869
0.052400974149256735
0.04824346712105507
0.05336039886346826
0.03960864517864826
0.04568500131147757
0.024897468136558316
0.03353228927830416
0.04088787802941326
0.04472557664348869
0.05368020710282097
0.03097382370571989
0.04792365889260963
0.04632461776001711
0.05336039886346826
0.039928453390373674
0.03321248107947184
0.036730371302107906
0.03513133028214399
0.05080193297173033
0.025856892684590446
0.03353228927830416
0.054000015342814664
0.039288836967566854
0.05016231650521052
0.046004809535426024
0.043446343761837855
0.0578377142727111
0.043446343761837855
0.03289267288128489
0.036730371302107906
0.03289267288128489
0.039928453390373674
0.05080193297173033
0.05112174120595268
0.042486919107352895
0.05336039886346826
0.04504538486550883
0.04792365889260963
0.039928453390373674
0.036090754892188
0.05527924830919796
0.05655848128583157
0.053040590624756606
0.05847733076999172
0.039928453390373674
0.03832941233818732
0.03832941233818732
0.04024826160274303
0.054319823583449285
0.0581575225210314
0.04312653554303293
0.03193324829059697
0.041207686243713994
0.043766151981285965
0.042167110890477914
0.043446343761837855
0.039928453390373674
0.04088787802941326
0.03321248107947184
0.05975656377223191
0.04312653554303293
0.04792365889260963
0.052400974149256735
0.03864922054733631
0.052400974149256735
0.03960864517864826
0.03417190567790465
0.0415274944586584
0.04056806981575624
0.03768979592182224
0.04440576842211145
0.034811522080085824
0.03641056309682561
0.04696423421112691
0.046644425985250766
0.034811522080085824
0.04504538486550883
0.037369987714606284
0.05112174120595268
0.04440576842211145
0.05368020710282097
0.052400974149256735
0.043766151981285965
0.0415274944586584
0.05336039886346826
0.043446343761837855
0.043446343761837855
0.042167110890477914
0.04760385066480641
0.05527924830919796
0.04536519308817182
0.042167110890477914
0.03832941233818732
0.04312653554303293
0.036090754892188
0.03768979592182224
0.02905497455340564
0.04312653554303293
0.05048212473814959
0.03097382370571989
0.03864922054733631
0.03321248107947184
0.026176700868561817
0.041207686243713994
0.05623867304071244
0.04568500131147757
0.0418473026742464
0.0415274944586584
0.037369987714606284
0.036730371302107906
0.034811522080085824
0.052081165912468655
0.046644425985250766
0.06135560503942454
0.04632461776001711
0.029374782743842753
0.0287351663636148
0.04568500131147757
0.04280672732487125
0.03768979592182224
0.034811522080085824
0.04536519308817182
0.04760385066480641
0.05975656377223191
0.04792365889260963
0.03896902875712951
0.036730371302107906
0.03864922054733631
0.04728404243764548
0.03864922054733631
0.04472557664348869
0.03705017950803482
0.049522700041257674
0.04024826160274303
0.04312653554303293
0.04728404243764548
0.04280672732487125
0.049522700041257674
0.04824346712105507
0.05368020710282097
0.05719809777799087
0.04440576842211145
0.03768979592182224
0.03289267288128489
0.04696423421112691
0.05272078238668607
0.04280672732487125
0.025217276318588628
0.054000015342814664
0.04280672732487125
0.0418473026742464
0.041207686243713994
0.03768979592182224
0.04312653554303293
0.04280672732487125
0.03864922054733631
0.032253056486847384
0.05591886479623375
0.039928453390373674
0.05112174120595268
0.04984250827291319
0.03449171387867269
0.04696423421112691
0.04728404243764548
0.04056806981575624
0.04024826160274303
0.03768979592182224
0.059116947269832174
0.04856327535014267
0.039288836967566854
0.03417190567790465
0.036730371302107906
0.04856327535014267
0.05016231650521052
0.04440576842211145
0.025537084501266027
0.03545113848484713
0.05847733076999172
0.039928453390373674
0.04984250827291319
0.046004809535426024
0.05016231650521052
0.04632461776001711
0.041207686243713994
0.05080193297173033
0.034811522080085824
0.04504538486550883
0.04056806981575624
0.052400974149256735
0.041207686243713994
0.03832941233818732
0.04760385066480641
0.04024826160274303
0.04728404243764548
0.036090754892188
0.0415274944586584
0.03545113848484713
0.04056806981575624
0.04824346712105507
0.04024826160274303
0.04824346712105507
0.052081165912468655
0.04280672732487125
0.042486919107352895
0.04312653554303293
0.046004809535426024
0.039928453390373674
0.05016231650521052
0.04024826160274303
0.043446343761837855
0.03800960412968261
0.04760385066480641
0.04440576842211145
0.05048212473814959
0.04824346712105507
0.044085960201377186
0.041207686243713994
0.029374782743842753
0.039288836967566854
0.04504538486550883
0.05336039886346826
0.02969459093492606
0.03832941233818732
0.054959440066641004
0.046004809535426024
0.04888308357987234
0.02905497455340564
0.036730371302107906
0.05879713901959199
0.04568500131147757
0.03864922054733631
0.035770946688195145
0.034811522080085824
0.030654015512052477
0.039288836967566854
0.03960864517864826
0.0418473026742464
0.03832941233818732
0.030654015512052477
0.04696423421112691
0.05368020710282097
0.042486919107352895
0.042486919107352895
0.030654015512052477
0.04760385066480641
0.029374782743842753
0.03768979592182224
0.032253056486847384
0.054639631824724755
0.04312653554303293
0.04824346712105507
0.04056806981575624
0.04568500131147757
0.044085960201377186
0.03705017950803482
0.04440576842211145
0.04728404243764548
0.04696423421112691
0.03321248107947184
0.05048212473814959
0.030014399126655496
0.054959440066641004
0.05112174120595268
0.053040590624756606
0.03513133028214399
0.054000015342814664
0.04632461776001711
0.0287351663636148
0.034811522080085824
0.04024826160274303
0.039288836967566854
0.03864922054733631
0.04696423421112691
0.046644425985250766
0.036090754892188
0.054319823583449285
0.052400974149256735
0.039288836967566854
0.04536519308817182
0.036090754892188
0.04440576842211145
0.05655848128583157
0.025217276318588628
0.030654015512052477
0.04984250827291319
0.035770946688195145
0.03864922054733631
0.03545113848484713
0.042486919107352895
0.025537084501266027
0.04280672732487125
0.05623867304071244
0.04632461776001711
0.052400974149256735
0.055599056552395575
0.06103579678470705
0.03545113848484713
0.04088787802941326
0.04792365889260963
0.027136125424356953
0.04856327535014267
0.037369987714606284
0.03768979592182224
0.04728404243764548
0.03705017950803482
0.035770946688195145
0.0581575225210314
0.054959440066641004
0.04024826160274303
0.03960864517864826
0.042486919107352895
0.04440576842211145
0.04728404243764548
0.036730371302107906
0.0415274944586584
0.04088787802941326
0.04792365889260963
0.042486919107352895
0.03545113848484713
0.03353228927830416
0.044085960201377186
0.034811522080085824
0.029374782743842753
0.039928453390373674
0.044085960201377186
0.028415358174470287
0.05144154944081656
0.04056806981575624
0.020739961829080448
0.053040590624756606
0.03800960412968261
0.032253056486847384
0.046004809535426024
0.046004809535426024
0.053040590624756606
0.04280672732487125
0.030654015512052477
0.04440576842211145
0.032253056486847384
0.04472557664348869
0.029374782743842753
0.049522700041257674
0.046004809535426024
0.03321248107947184
0.03193324829059697
0.03385209747778179
0.046004809535426024
0.06199522155077746
0.043766151981285965
0.03960864517864826
0.03800960412968261
0.04440576842211145
0.042167110890477914
0.0415274944586584
0.03800960412968261
0.049522700041257674
0.03641056309682561
0.04312653554303293
0.042167110890477914
0.04536519308817182
0.03545113848484713
0.041207686243713994
0.06359426284034467
0.043766151981285965
0.028095549985972176
0.041207686243713994
0.034811522080085824
0.049522700041257674
0.039288836967566854
0.04280672732487125
0.0418473026742464
0.03545113848484713
0.04312653554303293
0.04504538486550883
0.054000015342814664
0.04536519308817182
0.04728404243764548
0.04440576842211145
0.041207686243713994
0.04088787802941326
0.028415358174470287
0.04088787802941326
0.034811522080085824
0.05176135767632191
0.04280672732487125
0.037369987714606284
0.04504538486550883
0.04312653554303293
0.037369987714606284
0.03641056309682561
0.03705017950803482
0.046644425985250766
0.043766151981285965
0.04024826160274303
0.03800960412968261
0.0316134400949922
0.05975656377223191
0.04824346712105507
0.031293631900033154
0.04568500131147757
0.05591886479623375
0.04984250827291319
0.039928453390373674
0.03768979592182224
0.04280672732487125
0.039928453390373674
0.043766151981285965
0.03449171387867269
0.03800960412968261
0.0418473026742464
0.042167110890477914
0.04760385066480641
0.054959440066641004
0.03385209747778179
0.03896902875712951
0.037369987714606284
0.049522700041257674
0.025856892684590446
0.04056806981575624
0.03705017950803482
0.04792365889260963
0.0578377142727111
0.04760385066480641
0.036730371302107906
0.039928453390373674
0.05687828953159107
0.06039618027719038
0.04056806981575624
0.054000015342814664
0.044085960201377186
0.043446343761837855
0.05591886479623375
0.03257286468374338
0.029374782743842753
0.044085960201377186
0.044085960201377186
0.054639631824724755
0.04632461776001711
0.054319823583449285
0.042486919107352895
0.04568500131147757
0.05655848128583157
0.0415274944586584
0.053040590624756606
0.04440576842211145
0.03896902875712951
0.052081165912468655
0.03449171387867269
0.039928453390373674
0.03641056309682561
0.05176135767632191
0.03641056309682561
0.04696423421112691
0.04696423421112691
0.04632461776001711
0.031293631900033154
0.039288836967566854
0.036090754892188
0.04728404243764548
0.03960864517864826
0.03193324829059697
0.05655848128583157
0.04056806981575624
0.04312653554303293
0.059436755520712155
0.04056806981575624
0.05272078238668607
0.05016231650521052
0.05112174120595268
0.03832941233818732
0.04984250827291319
0.046004809535426024
0.04504538486550883
0.04440576842211145
0.04056806981575624
0.031293631900033154
0.04440576842211145
0.037369987714606284
0.046644425985250766
0.043446343761837855
0.04984250827291319
0.03513133028214399
0.03353228927830416
0.049522700041257674
0.06039618027719038
0.044085960201377186
0.03768979592182224
0.039928453390373674
0.04472557664348869
0.05016231650521052
0.054959440066641004
0.04312653554303293
0.04920289181024404
0.03545113848484713
0.0418473026742464
0.03768979592182224
0.03864922054733631
0.046644425985250766
0.03800960412968261
0.042486919107352895
0.052400974149256735
0.04632461776001711
0.042486919107352895
0.04056806981575624
0.03385209747778179
0.04984250827291319
0.04824346712105507
0.042167110890477914
0.042167110890477914
0.05623867304071244
0.042486919107352895
0.03705017950803482
0.03641056309682561
0.04472557664348869
0.0418473026742464
0.03800960412968261
0.05176135767632191
0.035770946688195145
0.03353228927830416
0.05879713901959199
0.04280672732487125
0.04056806981575624
0.03705017950803482
0.04568500131147757
0.03864922054733631
0.04280672732487125
0.05623867304071244
0.04024826160274303
0.03417190567790465
0.0418473026742464
0.04568500131147757
0.03417190567790465
0.04472557664348869
0.044085960201377186
0.05112174120595268
0.037369987714606284
0.04568500131147757
0.044085960201377186
0.0418473026742464
0.05751790602503091
0.04728404243764548
0.03641056309682561
0.04056806981575624
0.05112174120595268
0.04632461776001711
0.042167110890477914
0.03513133028214399
0.043766151981285965
0.054319823583449285
0.052081165912468655
0.04888308357987234
0.041207686243713994
0.05016231650521052
0.042167110890477914
0.05016231650521052
0.03768979592182224
0.03800960412968261
0.04440576842211145
0.03353228927830416
0.054319823583449285
0.05975656377223191
0.043446343761837855
0.04632461776001711
0.02905497455340564
0.036730371302107906
0.03545113848484713
0.03545113848484713
0.04984250827291319
0.04696423421112691
0.052400974149256735
0.02905497455340564
0.046644425985250766
0.04856327535014267
0.04632461776001711
0.037369987714606284
0.039928453390373674
0.04728404243764548
0.05687828953159107
0.03768979592182224
0.03768979592182224
0.041207686243713994
0.04824346712105507
0.035770946688195145
0.046004809535426024
0.043766151981285965
0.039288836967566854
0.04728404243764548
0.05080193297173033
0.03513133028214399
0.05112174120595268
0.036090754892188
0.04472557664348869
0.0418473026742464
0.03832941233818732
0.0415274944586584
0.049522700041257674
0.04056806981575624
0.053040590624756606
0.04536519308817182
0.05048212473814959
0.05080193297173033
0.03193324829059697
0.04760385066480641
0.04504538486550883
0.042167110890477914
0.036090754892188
0.03768979592182224
0.027136125424356953
0.0415274944586584
0.039928453390373674
0.043446343761837855
0.03193324829059697
0.04472557664348869
0.03705017950803482
0.03449171387867269
0.0415274944586584
0.032253056486847384
0.028095549985972176
0.055599056552395575
0.04024826160274303
0.04824346712105507
0.037369987714606284
0.043446343761837855
0.04920289181024404
0.03641056309682561
0.04440576842211145
0.04472557664348869
0.043766151981285965
0.042486919107352895
0.04856327535014267
0.04440576842211145
0.04728404243764548
0.049522700041257674
0.043766151981285965
0.05080193297173033
0.05144154944081656
0.0316134400949922
0.039928453390373674
0.04568500131147757
0.03385209747778179
0.05144154944081656
0.04792365889260963
0.03097382370571989
0.035770946688195145
0.03705017950803482
0.0287351663636148
0.04568500131147757
0.04504538486550883
0.035770946688195145
0.05048212473814959
0.04920289181024404
0.04312653554303293
0.04632461776001711
0.04888308357987234
0.0316134400949922
0.04888308357987234
0.04536519308817182
0.055599056552395575
0.06519330414588341
0.039928453390373674
0.04504538486550883
0.04312653554303293
0.05048212473814959
0.039928453390373674
0.028095549985972176
0.05144154944081656
0.049522700041257674
0.042167110890477914
0.04024826160274303
0.054639631824724755
0.037369987714606284
0.05272078238668607
0.04024826160274303
0.03864922054733631
0.03321248107947184
0.03864922054733631
0.052081165912468655
0.04728404243764548
0.04536519308817182
0.04440576842211145
0.042167110890477914
0.04984250827291319
0.04088787802941326
0.05687828953159107
0.042167110890477914
0.044085960201377186
0.04856327535014267
0.04760385066480641
0.05655848128583157
0.03321248107947184
0.03417190567790465
0.041207686243713994
0.03705017950803482
0.049522700041257674
0.04728404243764548
0.034811522080085824
0.03513133028214399
0.04472557664348869
0.05368020710282097
0.02329842723611547
0.04440576842211145
0.03641056309682561
0.03641056309682561
0.032253056486847384
0.03353228927830416
0.04760385066480641
0.042486919107352895
0.03289267288128489
0.03960864517864826
0.04888308357987234
0.04568500131147757
0.04568500131147757
0.052400974149256735
0.043446343761837855
0.05112174120595268
0.03513133028214399
0.020420153656116567
0.04440576842211145
0.027775741798120538
0.039288836967566854
0.05176135767632191
0.04984250827291319
0.03193324829059697
0.05080193297173033
0.035770946688195145
0.036730371302107906
0.04856327535014267
0.03705017950803482
0.03960864517864826
0.05048212473814959
0.03960864517864826
0.04824346712105507
0.028415358174470287
0.046644425985250766
0.04856327535014267
0.04632461776001711
0.041207686243713994
0.03800960412968261
0.04696423421112691
0.03449171387867269
0.04536519308817182
0.046004809535426024
0.04856327535014267
0.052081165912468655
0.04792365889260963
0.04312653554303293
0.046644425985250766
0.04504538486550883
0.03417190567790465
0.05272078238668607
0.05080193297173033
0.04920289181024404
0.04056806981575624
0.034811522080085824
0.046644425985250766
0.054000015342814664
0.044085960201377186
0.04312653554303293
0.03193324829059697
0.03289267288128489
0.043766151981285965
0.043766151981285965
0.026496509053180073
0.04472557664348869
0.05144154944081656
0.0415274944586584
0.043446343761837855
0.035770946688195145
0.036730371302107906
0.054000015342814664
0.039928453390373674
0.035770946688195145
0.05527924830919796
0.04568500131147757
0.037369987714606284
0.05687828953159107
0.046004809535426024
0.039928453390373674
0.03832941233818732
0.028415358174470287
0.039288836967566854
0.03321248107947184
0.04984250827291319
0.035770946688195145
0.04696423421112691
0.046004809535426024
0.05336039886346826
0.039288836967566854
0.05272078238668607
0.03353228927830416
0.03417190567790465
0.05080193297173033
0.04792365889260963
0.0316134400949922
0.041207686243713994
0.039928453390373674
0.03768979592182224
0.05080193297173033
0.049522700041257674
0.04504538486550883
0.04632461776001711
0.035770946688195145
0.04088787802941326
0.03896902875712951
0.05144154944081656
0.03832941233818732
0.039288836967566854
0.04856327535014267
0.04856327535014267
0.04312653554303293
0.05016231650521052
0.039928453390373674
0.054959440066641004
0.03417190567790465
0.03513133028214399
0.03385209747778179
0.027775741798120538
0.037369987714606284
0.03832941233818732
0.03289267288128489
0.04632461776001711
0.036090754892188
0.05016231650521052
0.04824346712105507
0.041207686243713994
0.04056806981575624
0.05048212473814959
0.04856327535014267
0.04824346712105507
0.043766151981285965
0.06135560503942454
0.03896902875712951
0.053040590624756606
0.054639631824724755
0.039928453390373674
0.03705017950803482
0.04472557664348869
0.041207686243713994
0.04504538486550883
0.02457765995517516
0.046644425985250766
0.04504538486550883
0.043446343761837855
0.03289267288128489
0.043766151981285965
0.04824346712105507
0.05368020710282097
0.04696423421112691
0.05847733076999172
0.03321248107947184
0.05016231650521052
0.03800960412968261
0.04056806981575624
0.039928453390373674
0.046644425985250766
0.04536519308817182
0.039928453390373674
0.041207686243713994
0.03896902875712951
0.043446343761837855
0.04888308357987234
0.04056806981575624
0.05751790602503091
0.04824346712105507
0.03960864517864826
0.05336039886346826
0.043446343761837855
0.035770946688195145
0.04504538486550883
0.03417190567790465
0.04728404243764548
0.035770946688195145
0.042486919107352895
0.054319823583449285
0.05080193297173033
0.04696423421112691
0.025537084501266027
0.05080193297173033
0.0418473026742464
0.046644425985250766
0.046004809535426024
0.04856327535014267
0.042167110890477914
0.04632461776001711
0.034811522080085824
0.04504538486550883
0.06071598853062898
0.05336039886346826
0.05176135767632191
0.04280672732487125
0.03832941233818732
0.054000015342814664
0.03960864517864826
0.04504538486550883
0.05112174120595268
0.04056806981575624
0.053040590624756606
0.03960864517864826
0.04088787802941326
0.04696423421112691
0.043766151981285965
0.046644425985250766
0.05687828953159107
0.04760385066480641
0.04504538486550883
0.03417190567790465
0.05336039886346826
0.054959440066641004
0.054000015342814664
0.039928453390373674
0.052081165912468655
0.04088787802941326
0.034811522080085824
0.046644425985250766
0.0418473026742464
0.036730371302107906
0.05144154944081656
0.04568500131147757
0.04760385066480641
0.054000015342814664
0.042167110890477914
0.046644425985250766
0.0415274944586584
0.03768979592182224
0.04568500131147757
0.03449171387867269
0.03257286468374338
0.05527924830919796
0.042167110890477914
0.05368020710282097
0.03800960412968261
0.05368020710282097
0.039288836967566854
0.027136125424356953
0.0578377142727111
0.05687828953159107
0.043446343761837855
0.03768979592182224
0.05336039886346826
0.04632461776001711
0.02905497455340564
0.03385209747778179
0.054319823583449285
0.04920289181024404
0.054959440066641004
0.03960864517864826
0.0581575225210314
0.046004809535426024
0.039288836967566854
0.032253056486847384
0.06007637202439133
0.04024826160274303
0.04728404243764548
0.055599056552395575
0.026496509053180073
0.04024826160274303
0.046644425985250766
0.04440576842211145
0.0415274944586584
0.04536519308817182
0.037369987714606284
0.043446343761837855
0.043446343761837855
0.03545113848484713
0.039288836967566854
0.05080193297173033
0.03449171387867269
0.04024826160274303
0.046004809535426024
0.052400974149256735
0.042486919107352895
0.036730371302107906
0.04088787802941326
0.0418473026742464
0.044085960201377186
0.04824346712105507
0.054959440066641004
0.049522700041257674
0.02393804359435059
0.04760385066480641
0.03385209747778179
0.04280672732487125
0.04440576842211145
0.046004809535426024
0.034811522080085824
0.04856327535014267
0.028095549985972176
0.03832941233818732
0.03321248107947184
0.04440576842211145
0.03705017950803482
0.0316134400949922
0.04312653554303293
0.04088787802941326
0.04728404243764548
0.046644425985250766
0.032253056486847384
0.03385209747778179
0.049522700041257674
0.037369987714606284
0.03193324829059697
0.04856327535014267
0.05144154944081656
0.03705017950803482
0.04088787802941326
0.039288836967566854
0.03896902875712951
0.03545113848484713
0.036730371302107906
0.0418473026742464
0.037369987714606284
0.04088787802941326
0.046004809535426024
0.04472557664348869
0.03289267288128489
0.043766151981285965
0.054639631824724755
0.042167110890477914
0.041207686243713994
0.049522700041257674
0.03385209747778179
0.030014399126655496
0.03832941233818732
0.03705017950803482
0.043766151981285965
0.05591886479623375
0.0418473026742464
0.042167110890477914
0.031293631900033154
0.04888308357987234
0.05527924830919796
0.03193324829059697
0.03513133028214399
0.04856327535014267
0.036730371302107906
0.044085960201377186
0.043766151981285965
0.046004809535426024
0.041207686243713994
0.052400974149256735
0.054000015342814664
0.0581575225210314
0.054959440066641004
0.03193324829059697
0.0418473026742464
0.03545113848484713
0.04440576842211145
0.04792365889260963
0.04280672732487125
0.03545113848484713
0.039288836967566854
0.04472557664348869
0.039288836967566854
0.0415274944586584
0.03800960412968261
0.03289267288128489
0.039288836967566854
0.05751790602503091
0.04440576842211145
0.043766151981285965
0.04568500131147757
0.046004809535426024
0.031293631900033154
0.04632461776001711
0.034811522080085824
0.05176135767632191
0.044085960201377186
0.04888308357987234
0.04056806981575624
0.03513133028214399
0.041207686243713994
0.03768979592182224
0.04888308357987234
0.036730371302107906
0.029374782743842753
0.04696423421112691
0.0418473026742464
0.030334207319030995
0.046644425985250766
0.04056806981575624
0.03864922054733631
0.03960864517864826
0.05080193297173033
0.039928453390373674
0.043446343761837855
0.0287351663636148
0.04024826160274303
0.037369987714606284
0.043446343761837855
0.0316134400949922
0.03097382370571989
0.05112174120595268
0.03705017950803482
0.03641056309682561
0.04696423421112691
0.03417190567790465
0.03545113848484713
0.05719809777799087
0.04024826160274303
0.04312653554303293
0.05016231650521052
0.0415274944586584
0.03960864517864826
0.04536519308817182
0.04536519308817182
0.039928453390373674
0.04472557664348869
0.04504538486550883
0.05879713901959199
0.0316134400949922
0.041207686243713994
0.034811522080085824
0.04696423421112691
0.03641056309682561
0.0418473026742464
0.0418473026742464
0.04440576842211145
0.04760385066480641
0.043446343761837855
0.04632461776001711
0.03257286468374338
0.03832941233818732
0.05144154944081656
0.052081165912468655
0.03864922054733631
0.04056806981575624
0.05176135767632191
0.03385209747778179
0.03513133028214399
0.04312653554303293
0.04280672732487125
0.035770946688195145
0.0415274944586584
0.03864922054733631
0.026496509053180073
0.04696423421112691
0.05016231650521052
0.04536519308817182
0.04696423421112691
0.03864922054733631
0.041207686243713994
0.044085960201377186
0.03545113848484713
0.05336039886346826
0.04632461776001711
0.04472557664348869
0.030654015512052477
0.04728404243764548
0.046644425985250766
0.0415274944586584
0.02969459093492606
0.04632461776001711
0.04088787802941326
0.042486919107352895
0.04536519308817182
0.052081165912468655
0.030014399126655496
0.03864922054733631
0.026176700868561817
0.02745593361091544
0.03513133028214399
0.04760385066480641
0.04280672732487125
0.05272078238668607
0.035770946688195145
0.03193324829059697
0.04504538486550883
0.04536519308817182
0.034811522080085824
0.04536519308817182
0.037369987714606284
0.0316134400949922
0.042167110890477914
0.04472557664348869
0.03449171387867269
0.05591886479623375
0.04696423421112691
0.04536519308817182
0.04632461776001711
0.05016231650521052
0.06039618027719038
0.02969459093492606
0.06423387936064405