0.024257851774439225
0.025217276318588628
0.032253056486847384
0.020420153656116567
0.02905497455340564
0.02681631723844514
0.030654015512052477
0.029374782743842753
0.025856892684590446
0.026496509053180073
0.029374782743842753
0.030014399126655496
0.022978619057969125
0.02201919452741577
0.03385209747778179
0.03385209747778179
0.022339002703619208
0.025217276318588628
0.031293631900033154
0.02745593361091544
0.0287351663636148
0.02393804359435059
0.03321248107947184
0.0287351663636148
0.034811522080085824
0.028415358174470287
0.030334207319030995
0.02905497455340564
0.027136125424356953
0.020420153656116567
0.03097382370571989
0.028415358174470287
0.02745593361091544
0.024257851774439225
0.027136125424356953
0.030654015512052477
0.026176700868561817
0.028095549985972176
0.030334207319030995
0.025217276318588628
0.03257286468374338
0.028415358174470287
0.027775741798120538
0.03768979592182224
0.02105977000269238
0.018821112801020272
0.030654015512052477
0.03353228927830416
0.02137957817695229
0.02393804359435059
0.030014399126655496
0.0316134400949922
0.030334207319030995
0.030654015512052477
0.026176700868561817
0.0287351663636148
0.036730371302107906
0.025537084501266027
0.02745593361091544
0.024897468136558316
0.031293631900033154
0.0287351663636148
0.025217276318588628
0.03321248107947184
0.026496509053180073
0.022339002703619208
0.030334207319030995
0.02969459093492606
0.0316134400949922
0.025217276318588628
0.030334207319030995
0.02329842723611547
0.026176700868561817
0.030014399126655496
0.022978619057969125
0.030334207319030995
0.02905497455340564
0.02393804359435059
0.0287351663636148
0.028095549985972176
0.022978619057969125
0.025217276318588628
0.026496509053180073
0.02329842723611547
0.02905497455340564
0.026496509053180073
0.03417190567790465
0.030014399126655496
0.028095549985972176
0.028095549985972176
0.02201919452741577
0.028415358174470287
0.02681631723844514
0.02457765995517516
0.03193324829059697
0.027136125424356953
0.02457765995517516
0.0287351663636148
0.018821112801020272
0.02329842723611547
0.030014399126655496
0.02681631723844514
0.02201919452741577
0.023618235414909317
0.028095549985972176
0.03257286468374338
0.022978619057969125
0.0287351663636148
0.03097382370571989
0.03289267288128489
0.030334207319030995
0.031293631900033154
0.027136125424356953
0.028095549985972176
0.03257286468374338
0.030014399126655496
0.02329842723611547
0.027775741798120538
0.022978619057969125
0.026496509053180073
0.0316134400949922
0.0287351663636148
0.030334207319030995
0.02905497455340564
0.01978053731213322
0.024897468136558316
0.027136125424356953
0.03385209747778179
0.03545113848484713
0.029374782743842753
0.025217276318588628
0.027136125424356953
0.02745593361091544
0.030334207319030995
0.02329842723611547
0.020739961829080448
0.023618235414909317
0.02969459093492606
0.028415358174470287
0.026496509053180073
0.02681631723844514
0.02457765995517516
0.02329842723611547
0.030334207319030995
0.02745593361091544
0.022339002703619208
0.024897468136558316
0.025217276318588628
0.02905497455340564
0.022658810880470347
0.027775741798120538
0.02201919452741577
0.03641056309682561
0.026176700868561817
0.026176700868561817
0.03417190567790465
0.027136125424356953
0.030654015512052477
0.027136125424356953
0.03257286468374338
0.032253056486847384
0.028095549985972176
0.027775741798120538
0.03097382370571989
0.0316134400949922
0.027775741798120538
0.03385209747778179
0.025217276318588628
0.03449171387867269
0.02905497455340564
0.028415358174470287
0.02969459093492606
0.030654015512052477
0.0287351663636148
0.030654015512052477
0.029374782743842753
0.03353228927830416
0.024897468136558316
0.03193324829059697
0.028095549985972176
0.022658810880470347
0.02681631723844514
0.025856892684590446
0.02137957817695229
0.023618235414909317
0.02201919452741577
0.02169938635186011
0.027775741798120538
0.025856892684590446
0.030334207319030995
0.02329842723611547
0.029374782743842753
0.0287351663636148
0.028095549985972176
0.0287351663636148
0.030014399126655496
0.026496509053180073
0.032253056486847384
0.030334207319030995
0.03449171387867269
0.03289267288128489
0.03417190567790465
0.027775741798120538
0.03832941233818732
0.027775741798120538
0.022339002703619208
0.020739961829080448
0.024257851774439225
0.031293631900033154
0.029374782743842753
0.022978619057969125
0.022658810880470347
0.026176700868561817
0.028415358174470287
0.022978619057969125
0.029374782743842753
0.01978053731213322
0.036090754892188
0.03545113848484713
0.022978619057969125
0.02201919452741577
0.025537084501266027
0.032253056486847384
0.03417190567790465
0.026496509053180073
0.036090754892188
0.027136125424356953
0.029374782743842753
0.0287351663636148
0.027775741798120538
0.036090754892188
0.032253056486847384
0.029374782743842753
0.025856892684590446
0.025217276318588628
0.034811522080085824
0.024257851774439225
0.023618235414909317
0.025856892684590446
0.01978053731213322
0.029374782743842753
0.0287351663636148
0.028415358174470287
0.030334207319030995
0.018821112801020272
0.026496509053180073
0.02905497455340564
0.024257851774439225
0.028415358174470287
0.026496509053180073
0.03385209747778179
0.035770946688195145
0.026176700868561817
0.028415358174470287
0.02969459093492606
0.028415358174470287
0.02745593361091544
0.022658810880470347
0.03385209747778179
0.03417190567790465
0.03097382370571989
0.02105977000269238
0.027136125424356953
0.02905497455340564
0.027775741798120538
0.027136125424356953
0.022658810880470347
0.018821112801020272
0.026496509053180073
0.03417190567790465
0.028415358174470287
0.026176700868561817
0.029374782743842753
0.027136125424356953
0.028415358174470287
0.024897468136558316
0.03321248107947184
0.0316134400949922
0.02681631723844514
0.023618235414909317
0.02969459093492606
0.02329842723611547
0.022978619057969125
0.030334207319030995
0.02681631723844514
0.025217276318588628
0.03385209747778179
0.03193324829059697
0.03513133028214399
0.025217276318588628
0.02393804359435059
0.03321248107947184
0.03385209747778179
0.02393804359435059
0.023618235414909317
0.030014399126655496
0.024257851774439225
0.03193324829059697
0.01946072914111389
0.03097382370571989
0.025217276318588628
0.025856892684590446
0.02905497455340564
0.027775741798120538
0.030014399126655496
0.027136125424356953
0.029374782743842753
0.027136125424356953
0.02393804359435059
0.03417190567790465
0.027775741798120538
0.024897468136558316
0.02201919452741577
0.023618235414909317
0.029374782743842753
0.026496509053180073
0.028415358174470287
0.03417190567790465
0.030654015512052477
0.03353228927830416
0.025537084501266027
0.0287351663636148
0.01722207196213545
0.02329842723611547
0.02745593361091544
0.02905497455340564
0.032253056486847384
0.024257851774439225
0.030014399126655496
0.029374782743842753
0.03353228927830416
0.02745593361091544
0.02329842723611547
0.026176700868561817
0.024897468136558316
0.030334207319030995
0.01978053731213322
0.024257851774439225
0.03193324829059697
0.026496509053180073
0.03097382370571989
0.029374782743842753
0.02745593361091544
0.03353228927830416
0.026496509053180073
0.02457765995517516
0.025856892684590446
0.023618235414909317
0.026496509053180073
0.032253056486847384
0.03097382370571989
0.02745593361091544
0.03257286468374338
0.027775741798120538
0.02969459093492606
0.025217276318588628
0.022978619057969125
0.0316134400949922
0.03321248107947184
0.03321248107947184
0.03417190567790465
0.026176700868561817
0.026176700868561817
0.02457765995517516
0.02393804359435059
0.032253056486847384
0.036090754892188
0.025217276318588628
0.020739961829080448
0.026496509053180073
0.0287351663636148
0.027775741798120538
0.02745593361091544
0.026176700868561817
0.027136125424356953
0.022658810880470347
0.03545113848484713
0.026176700868561817
0.030014399126655496
0.03193324829059697
0.024257851774439225
0.03385209747778179
0.027775741798120538
0.022978619057969125
0.028415358174470287
0.02681631723844514
0.023618235414909317
0.029374782743842753
0.02137957817695229
0.024897468136558316
0.031293631900033154
0.031293631900033154
0.025856892684590446
0.0287351663636148
0.025856892684590446
0.03193324829059697
0.030654015512052477
0.03289267288128489
0.03193324829059697
0.0287351663636148
0.028415358174470287
0.032253056486847384
0.029374782743842753
0.028415358174470287
0.026176700868561817
0.03193324829059697
0.03353228927830416
0.026496509053180073
0.0287351663636148
0.025537084501266027
0.029374782743842753
0.025537084501266027
0.02457765995517516
0.022978619057969125
0.028095549985972176
0.03289267288128489
0.02137957817695229
0.027136125424356953
0.022339002703619208
0.022339002703619208
0.02681631723844514
0.03449171387867269
0.030654015512052477
0.028415358174470287
0.027775741798120538
0.02457765995517516
0.025856892684590446
0.024257851774439225
0.032253056486847384
0.030654015512052477
0.036730371302107906
0.02969459093492606
0.02329842723611547
0.02137957817695229
0.028095549985972176
0.028415358174470287
0.025856892684590446
0.024257851774439225
0.030334207319030995
0.030014399126655496
0.03832941233818732
0.028415358174470287
0.027775741798120538
0.025856892684590446
0.026176700868561817
0.02905497455340564
0.026176700868561817
0.02905497455340564
0.023618235414909317
0.03193324829059697
0.027136125424356953
0.029374782743842753
0.030654015512052477
0.02905497455340564
0.03097382370571989
0.03193324829059697
0.03289267288128489
0.03545113848484713
0.028415358174470287
0.02393804359435059
0.024257851774439225
0.0316134400949922
0.03193324829059697
0.029374782743842753
0.020420153656116567
0.035770946688195145
0.02905497455340564
0.027136125424356953
0.02745593361091544
0.02457765995517516
0.030014399126655496
0.029374782743842753
0.026496509053180073
0.024257851774439225
0.03449171387867269
0.026176700868561817
0.0316134400949922
0.03257286468374338
0.025217276318588628
0.0287351663636148
0.028415358174470287
0.027775741798120538
0.027136125424356953
0.024897468136558316
0.03768979592182224
0.030654015512052477
0.026496509053180073
0.024257851774439225
0.024897468136558316
0.03097382370571989
0.03193324829059697
0.028415358174470287
0.018821112801020272
0.02457765995517516
0.03353228927830416
0.02905497455340564
0.03193324829059697
0.030334207319030995
0.032253056486847384
0.030334207319030995
0.030334207319030995
0.03193324829059697
0.025217276318588628
0.02969459093492606
0.027775741798120538
0.030014399126655496
0.02681631723844514
0.026176700868561817
0.0316134400949922
0.026496509053180073
0.030334207319030995
0.025856892684590446
0.02681631723844514
0.02457765995517516
0.028415358174470287
0.030654015512052477
0.027136125424356953
0.0316134400949922
0.03289267288128489
0.02681631723844514
0.027136125424356953
0.0316134400949922
0.030654015512052477
0.026496509053180073
0.03097382370571989
0.02745593361091544
0.028415358174470287
0.02681631723844514
0.029374782743842753
0.028095549985972176
0.032253056486847384
0.03289267288128489
0.028415358174470287
0.02681631723844514
0.022339002703619208
0.02745593361091544
0.027775741798120538
0.03257286468374338
0.02201919452741577
0.025856892684590446
0.03545113848484713
0.03097382370571989
0.03097382370571989
0.02201919452741577
0.025217276318588628
0.03449171387867269
0.028415358174470287
0.025856892684590446
0.025856892684590446
0.025537084501266027
0.022658810880470347
0.025537084501266027
0.027136125424356953
0.02905497455340564
0.025856892684590446
0.022978619057969125
0.030334207319030995
0.03353228927830416
0.026496509053180073
0.027775741798120538
0.023618235414909317
0.0316134400949922
0.024897468136558316
0.024897468136558316
0.025217276318588628
0.03417190567790465
0.027136125424356953
0.032253056486847384
0.025217276318588628
0.030654015512052477
0.028095549985972176
0.026496509053180073
0.029374782743842753
0.03193324829059697
0.032253056486847384
0.024897468136558316
0.03289267288128489
0.02329842723611547
0.03513133028214399
0.03289267288128489
0.03097382370571989
0.025537084501266027
0.0316134400949922
0.02969459093492606
0.02137957817695229
0.025856892684590446
0.027136125424356953
0.026176700868561817
0.027136125424356953
0.03289267288128489
0.030654015512052477
0.024897468136558316
0.032253056486847384
0.03193324829059697
0.02681631723844514
0.030334207319030995
0.027136125424356953
0.027775741798120538
0.034811522080085824
0.01946072914111389
0.022339002703619208
0.03289267288128489
0.022658810880470347
0.02681631723844514
0.02329842723611547
0.027775741798120538
0.02169938635186011
0.028415358174470287
0.036090754892188
0.02969459093492606
0.03417190567790465
0.03257286468374338
0.03705017950803482
0.024257851774439225
0.02905497455340564
0.03193324829059697
0.022339002703619208
0.02905497455340564
0.026176700868561817
0.025217276318588628
0.030654015512052477
0.025217276318588628
0.02457765995517516
0.03545113848484713
0.03289267288128489
0.0287351663636148
0.02681631723844514
0.027136125424356953
0.030334207319030995
0.032253056486847384
0.025217276318588628
0.025217276318588628
0.02681631723844514
0.03193324829059697
0.03097382370571989
0.024257851774439225
0.024257851774439225
0.027775741798120538
0.024257851774439225
0.022978619057969125
0.027775741798120538
0.02905497455340564
0.02393804359435059
0.0316134400949922
0.028095549985972176
0.01946072914111389
0.03257286468374338
0.026176700868561817
0.026496509053180073
0.031293631900033154
0.030334207319030995
0.03385209747778179
0.028415358174470287
0.02169938635186011
0.031293631900033154
0.02393804359435059
0.028095549985972176
0.02105977000269238
0.03257286468374338
0.028095549985972176
0.02457765995517516
0.023618235414909317
0.024257851774439225
0.029374782743842753
0.03768979592182224
0.03097382370571989
0.02681631723844514
0.026496509053180073
0.02969459093492606
0.02905497455340564
0.025856892684590446
0.024257851774439225
0.03289267288128489
0.025856892684590446
0.0287351663636148
0.028415358174470287
0.02969459093492606
0.025856892684590446
0.0287351663636148
0.03960864517864826
0.02905497455340564
0.022658810880470347
0.029374782743842753
0.025537084501266027
0.03321248107947184
0.027136125424356953
0.02681631723844514
0.028415358174470287
0.02393804359435059
0.028415358174470287
0.030654015512052477
0.03449171387867269
0.03097382370571989
0.03257286468374338
0.030654015512052477
0.027775741798120538
0.028095549985972176
0.020739961829080448
0.026496509053180073
0.025537084501266027
0.03257286468374338
0.02745593361091544
0.02393804359435059
0.0316134400949922
0.029374782743842753
0.026496509053180073
0.027136125424356953
0.027136125424356953
0.02969459093492606
0.030014399126655496
0.02905497455340564
0.024897468136558316
0.024897468136558316
0.036730371302107906
0.02969459093492606
0.02169938635186011
0.030334207319030995
0.03417190567790465
0.030014399126655496
0.024897468136558316
0.02745593361091544
0.028415358174470287
0.027775741798120538
0.030014399126655496
0.02329842723611547
0.026176700868561817
0.027775741798120538
0.028095549985972176
0.030014399126655496
0.036730371302107906
0.02457765995517516
0.026176700868561817
0.025856892684590446
0.03257286468374338
0.019140920970742888
0.025856892684590446
0.025856892684590446
0.030334207319030995
0.03545113848484713
0.032253056486847384
0.025537084501266027
0.027136125424356953
0.03513133028214399
0.03545113848484713
0.030334207319030995
0.03321248107947184
0.030654015512052477
0.027775741798120538
0.035770946688195145
0.02201919452741577
0.02329842723611547
0.030014399126655496
0.028415358174470287
0.03545113848484713
0.030014399126655496
0.03513133028214399
0.027775741798120538
0.0316134400949922
0.036090754892188
0.028095549985972176
0.03097382370571989
0.030334207319030995
0.027775741798120538
0.0316134400949922
0.025537084501266027
0.027136125424356953
0.024897468136558316
0.03097382370571989
0.02329842723611547
0.02969459093492606
0.0316134400949922
0.03257286468374338
0.02201919452741577
0.027775741798120538
0.025856892684590446
0.02969459093492606
0.025217276318588628
0.020420153656116567
0.034811522080085824
0.026496509053180073
0.02969459093492606
0.035770946688195145
0.030014399126655496
0.03193324829059697
0.03417190567790465
0.03289267288128489
0.02681631723844514
0.0316134400949922
0.02969459093492606
0.03097382370571989
0.030014399126655496
0.027136125424356953
0.02393804359435059
0.030654015512052477
0.027775741798120538
0.0287351663636148
0.027775741798120538
0.0316134400949922
0.026496509053180073
0.02393804359435059
0.03193324829059697
0.036730371302107906
0.029374782743842753
0.027136125424356953
0.027775741798120538
0.030654015512052477
0.030014399126655496
0.034811522080085824
0.028095549985972176
0.0316134400949922
0.02393804359435059
0.025856892684590446
0.028095549985972176
0.027136125424356953
0.03097382370571989
0.026176700868561817
0.028415358174470287
0.03257286468374338
0.030654015512052477
0.02969459093492606
0.028095549985972176
0.024897468136558316
0.0316134400949922
0.031293631900033154
0.028415358174470287
0.027775741798120538
0.03385209747778179
0.027775741798120538
0.026176700868561817
0.02329842723611547
0.02969459093492606
0.028415358174470287
0.027136125424356953
0.03289267288128489
0.025537084501266027
0.024257851774439225
0.03513133028214399
0.027775741798120538
0.029374782743842753
0.027136125424356953
0.028415358174470287
0.02745593361091544
0.02905497455340564
0.036090754892188
0.027136125424356953
0.024897468136558316
0.028095549985972176
0.028415358174470287
0.022658810880470347
0.030654015512052477
0.027775741798120538
0.03097382370571989
0.025537084501266027
0.02969459093492606
0.027136125424356953
0.029374782743842753
0.032253056486847384
0.030334207319030995
0.025856892684590446
0.025537084501266027
0.03097382370571989
0.02969459093492606
0.028095549985972176
0.025537084501266027
0.02745593361091544
0.03321248107947184
0.0287351663636148
0.03289267288128489
0.02681631723844514
0.030334207319030995
0.026176700868561817
0.03097382370571989
0.025217276318588628
0.025217276318588628
0.02745593361091544
0.02137957817695229
0.03257286468374338
0.036730371302107906
0.028415358174470287
0.02969459093492606
0.018821112801020272
0.02457765995517516
0.025537084501266027
0.024257851774439225
0.030014399126655496
0.028415358174470287
0.032253056486847384
0.02105977000269238
0.030334207319030995
0.03289267288128489
0.030334207319030995
0.02393804359435059
0.025537084501266027
0.0287351663636148
0.03449171387867269
0.025217276318588628
0.025217276318588628
0.02681631723844514
0.030014399126655496
0.022658810880470347
0.027136125424356953
0.02681631723844514
0.02457765995517516
0.029374782743842753
0.03097382370571989
0.022339002703619208
0.03193324829059697
0.024257851774439225
0.028415358174470287
0.02905497455340564
0.026496509053180073
0.028415358174470287
0.030654015512052477
0.02681631723844514
0.0316134400949922
0.028095549985972176
0.0316134400949922
0.03193324829059697
0.022339002703619208
0.0287351663636148
0.028415358174470287
0.028415358174470287
0.024897468136558316
0.025856892684590446
0.02201919452741577
0.028095549985972176
0.02969459093492606
0.02905497455340564
0.023618235414909317
0.029374782743842753
0.025856892684590446
0.023618235414909317
0.02681631723844514
0.022978619057969125
0.020100345483800804
0.03545113848484713
0.027136125424356953
0.028095549985972176
0.02393804359435059
0.029374782743842753
0.030654015512052477
0.02681631723844514
0.02905497455340564
0.030014399126655496
0.028095549985972176
0.028415358174470287
0.03321248107947184
0.029374782743842753
0.03193324829059697
0.030654015512052477
0.029374782743842753
0.030654015512052477
0.03513133028214399
0.022658810880470347
0.025856892684590446
0.03097382370571989
0.024257851774439225
0.03289267288128489
0.030334207319030995
0.02393804359435059
0.024897468136558316
0.025856892684590446
0.02105977000269238
0.0316134400949922
0.028415358174470287
0.02457765995517516
0.032253056486847384
0.030334207319030995
0.02681631723844514
0.031293631900033154
0.02905497455340564
0.020739961829080448
0.0316134400949922
0.029374782743842753
0.03545113848484713
0.03641056309682561
0.02457765995517516
0.030014399126655496
0.02681631723844514
0.03097382370571989
0.028095549985972176
0.02169938635186011
0.03257286468374338
0.0316134400949922
0.026176700868561817
0.027136125424356953
0.03449171387867269
0.02457765995517516
0.03289267288128489
0.027136125424356953
0.025856892684590446
0.023618235414909317
0.027775741798120538
0.03353228927830416
0.031293631900033154
0.0316134400949922
0.030654015512052477
0.028095549985972176
0.03353228927830416
0.025537084501266027
0.032253056486847384
0.02905497455340564
0.02905497455340564
0.030654015512052477
0.030654015512052477
0.03449171387867269
0.025217276318588628
0.022658810880470347
0.029374782743842753
0.025856892684590446
0.02905497455340564
0.0287351663636148
0.025537084501266027
0.025537084501266027
0.030334207319030995
0.03385209747778179
0.020100345483800804
0.02905497455340564
0.027136125424356953
0.024257851774439225
0.025217276318588628
0.022658810880470347
0.031293631900033154
0.029374782743842753
0.025217276318588628
0.02745593361091544
0.030654015512052477
0.0287351663636148
0.0287351663636148
0.032253056486847384
0.0287351663636148
0.03289267288128489
0.02457765995517516
0.01946072914111389
0.02969459093492606
0.02169938635186011
0.026176700868561817
0.03385209747778179
0.03097382370571989
0.025217276318588628
0.0316134400949922
0.027136125424356953
0.026496509053180073
0.03193324829059697
0.026176700868561817
0.026176700868561817
0.03257286468374338
0.026496509053180073
0.031293631900033154
0.022339002703619208
0.030014399126655496
0.030654015512052477
0.031293631900033154
0.0287351663636148
0.02681631723844514
0.030654015512052477
0.023618235414909317
0.029374782743842753
0.03097382370571989
0.031293631900033154
0.03353228927830416
0.031293631900033154
0.02745593361091544
0.02905497455340564
0.028095549985972176
0.025217276318588628
0.03257286468374338
0.030334207319030995
0.030654015512052477
0.028095549985972176
0.026496509053180073
0.027775741798120538
0.03321248107947184
0.030014399126655496
0.0287351663636148
0.024257851774439225
0.02393804359435059
0.028095549985972176
0.031293631900033154
0.02137957817695229
0.030654015512052477
0.03257286468374338
0.0287351663636148
0.02969459093492606
0.02393804359435059
0.02681631723844514
0.03289267288128489
0.027136125424356953
0.025537084501266027
0.03385209747778179
0.030654015512052477
0.025537084501266027
0.03449171387867269
0.02969459093492606
0.028095549985972176
0.025537084501266027
0.02201919452741577
0.02457765995517516
0.02137957817695229
0.030654015512052477
0.02393804359435059
0.028415358174470287
0.030334207319030995
0.03417190567790465
0.027136125424356953
0.03321248107947184
0.024257851774439225
0.026496509053180073
0.03097382370571989
0.029374782743842753
0.022658810880470347
0.027775741798120538
0.02745593361091544
0.027136125424356953
0.03321248107947184
0.03193324829059697
0.02905497455340564
0.0287351663636148
0.02201919452741577
0.027136125424356953
0.026496509053180073
0.03193324829059697
0.025537084501266027
0.02681631723844514
0.031293631900033154
0.03097382370571989
0.02969459093492606
0.030334207319030995
0.027136125424356953
0.03321248107947184
0.02201919452741577
0.025217276318588628
0.025537084501266027
0.02201919452741577
0.026496509053180073
0.026496509053180073
0.024897468136558316
0.030334207319030995
0.026496509053180073
0.032253056486847384
0.032253056486847384
0.028095549985972176
0.02745593361091544
0.032253056486847384
0.0316134400949922
0.03193324829059697
0.0287351663636148
0.03705017950803482
0.026496509053180073
0.034811522080085824
0.03417190567790465
0.028095549985972176
0.027136125424356953
0.030334207319030995
0.02905497455340564
0.029374782743842753
0.01946072914111389
0.030014399126655496
0.027775741798120538
0.02905497455340564
0.025217276318588628
0.027775741798120538
0.028415358174470287
0.03417190567790465
0.030014399126655496
0.03545113848484713
0.022658810880470347
0.03193324829059697
0.025856892684590446
0.025217276318588628
0.028095549985972176
0.0316134400949922
0.02969459093492606
0.028095549985972176
0.028095549985972176
0.02905497455340564
0.030014399126655496
0.030334207319030995
0.026496509053180073
0.037369987714606284
0.027775741798120538
0.028095549985972176
0.03257286468374338
0.030014399126655496
0.02681631723844514
0.029374782743842753
0.02329842723611547
0.030334207319030995
0.02457765995517516
0.02905497455340564
0.034811522080085824
0.03193324829059697
0.02969459093492606
0.01978053731213322
0.03193324829059697
0.028415358174470287
0.030014399126655496
0.030014399126655496
0.032253056486847384
0.028415358174470287
0.030334207319030995
0.024897468136558316
0.030014399126655496
0.03641056309682561
0.0316134400949922
0.032253056486847384
0.0287351663636148
0.026496509053180073
0.03289267288128489
0.028095549985972176
0.031293631900033154
0.03353228927830416
0.02905497455340564
0.03193324829059697
0.025537084501266027
0.02969459093492606
0.03097382370571989
0.03193324829059697
0.032253056486847384
0.037369987714606284
0.032253056486847384
0.030654015512052477
0.022658810880470347
0.03417190567790465
0.03513133028214399
0.03193324829059697
0.027136125424356953
0.035770946688195145
0.027775741798120538
0.02457765995517516
0.030334207319030995
0.028095549985972176
0.025537084501266027
0.030654015512052477
0.030334207319030995
0.030334207319030995
0.03353228927830416
0.02905497455340564
0.030654015512052477
0.027136125424356953
0.025537084501266027
0.030334207319030995
0.023618235414909317
0.022339002703619208
0.03417190567790465
0.027775741798120538
0.03417190567790465
0.024257851774439225
0.03385209747778179
0.02681631723844514
0.02201919452741577
0.03513133028214399
0.034811522080085824
0.029374782743842753
0.026176700868561817
0.0316134400949922
0.02905497455340564
0.022658810880470347
0.022658810880470347
0.03353228927830416
0.028095549985972176
0.03417190567790465
0.025856892684590446
0.03385209747778179
0.03097382370571989
0.025217276318588628
0.02393804359435059
0.03768979592182224
0.024897468136558316
0.0287351663636148
0.03289267288128489
0.02105977000269238
0.026496509053180073
0.02905497455340564
0.030334207319030995
0.025537084501266027
0.02905497455340564
0.025217276318588628
0.02745593361091544
0.02905497455340564
0.022658810880470347
0.028095549985972176
0.032253056486847384
0.022658810880470347
0.026496509053180073
0.030014399126655496
0.03193324829059697
0.02745593361091544
0.026176700868561817
0.02457765995517516
0.028415358174470287
0.02745593361091544
0.03193324829059697
0.03321248107947184
0.03257286468374338
0.01946072914111389
0.02905497455340564
0.02393804359435059
0.028095549985972176
0.028095549985972176
0.032253056486847384
0.02329842723611547
0.02681631723844514
0.022658810880470347
0.025537084501266027
0.02393804359435059
0.028415358174470287
0.025537084501266027
0.02393804359435059
0.025856892684590446
0.028095549985972176
0.03193324829059697
0.030014399126655496
0.02137957817695229
0.024897468136558316
0.0316134400949922
0.025856892684590446
0.02201919452741577
0.02969459093492606
0.03257286468374338
0.02745593361091544
0.0287351663636148
0.025856892684590446
0.02681631723844514
0.022978619057969125
0.02745593361091544
0.027136125424356953
0.02681631723844514
0.02745593361091544
0.030654015512052477
0.028095549985972176
0.02393804359435059
0.02905497455340564
0.03417190567790465
0.025217276318588628
0.027775741798120538
0.030654015512052477
0.027136125424356953
0.020739961829080448
0.025217276318588628
0.026176700868561817
0.029374782743842753
0.036090754892188
0.02745593361091544
0.02905497455340564
0.022339002703619208
0.03193324829059697
0.03321248107947184
0.02329842723611547
0.025856892684590446
0.0316134400949922
0.024897468136558316
0.030334207319030995
0.028415358174470287
0.0287351663636148
0.02905497455340564
0.032253056486847384
0.03321248107947184
0.036090754892188
0.03353228927830416
0.02393804359435059
0.02745593361091544
0.02457765995517516
0.0287351663636148
0.03097382370571989
0.02905497455340564
0.025856892684590446
0.027775741798120538
0.02681631723844514
0.026176700868561817
0.028415358174470287
0.025537084501266027
0.024257851774439225
0.02745593361091544
0.03449171387867269
0.030334207319030995
0.02969459093492606
0.0287351663636148
0.030334207319030995
0.024257851774439225
0.030334207319030995
0.02393804359435059
0.03257286468374338
0.029374782743842753
0.030334207319030995
0.027775741798120538
0.024897468136558316
0.028095549985972176
0.026496509053180073
0.03321248107947184
0.026496509053180073
0.022978619057969125
0.029374782743842753
0.029374782743842753
0.02201919452741577
0.030654015512052477
0.028415358174470287
0.02681631723844514
0.026496509053180073
0.03193324829059697
0.02681631723844514
0.027775741798120538
0.02201919452741577
0.026176700868561817
0.02457765995517516
0.028095549985972176
0.022658810880470347
0.02457765995517516
0.032253056486847384
0.026496509053180073
0.025217276318588628
0.029374782743842753
0.02329842723611547
0.025217276318588628
0.03417190567790465
0.027775741798120538
0.028095549985972176
0.032253056486847384
0.030654015512052477
0.02681631723844514
0.02905497455340564
0.027136125424356953
0.026496509053180073
0.028095549985972176
0.028095549985972176
0.037369987714606284
0.022339002703619208
0.025856892684590446
0.02393804359435059
0.02905497455340564
0.026496509053180073
0.02745593361091544
0.027775741798120538
0.02745593361091544
0.0287351663636148
0.02745593361091544
0.030014399126655496
0.02457765995517516
0.029374782743842753
0.03289267288128489
0.03513133028214399
0.025537084501266027
0.029374782743842753
0.03289267288128489
0.02457765995517516
0.02393804359435059
0.030334207319030995
0.02969459093492606
0.02457765995517516
0.02681631723844514
0.02745593361091544
0.020100345483800804
0.028415358174470287
0.0316134400949922
0.030014399126655496
0.029374782743842753
0.025217276318588628
0.025537084501266027
0.029374782743842753
0.023618235414909317
0.03289267288128489
0.028415358174470287
0.02969459093492606
0.022978619057969125
0.031293631900033154
0.030654015512052477
0.025217276318588628
0.022978619057969125
0.031293631900033154
0.02457765995517516
0.02745593361091544
0.02745593361091544
0.030334207319030995
0.02169938635186011
0.02457765995517516
0.020739961829080448
0.02169938635186011
0.02681631723844514
0.030654015512052477
0.02681631723844514
0.03289267288128489
0.02393804359435059
0.02393804359435059
0.028095549985972176
0.02969459093492606
0.02393804359435059
0.027775741798120538
0.02329842723611547
0.02393804359435059
0.026496509053180073
0.028415358174470287
0.02393804359435059
0.035770946688195145
0.031293631900033154
0.027775741798120538
0.030654015512052477
0.03097382370571989
0.036090754892188
0.022658810880470347
0.03768979592182224