0.03417190567790465
0.03513133028214399
0.04920289181024404
0.025537084501266027
0.035770946688195145
0.04568500131147757
0.04024826160274303
0.04472557664348869
0.03417190567790465
0.036090754892188
0.04824346712105507
0.03417190567790465
0.03768979592182224
0.0287351663636148
0.052400974149256735
0.046004809535426024
0.03097382370571989
0.03641056309682561
0.04472557664348869
0.035770946688195145
0.03800960412968261
0.036730371302107906
0.04312653554303293
0.046644425985250766
0.04472557664348869
0.03768979592182224
0.036730371302107906
0.04472557664348869
0.03545113848484713
0.034811522080085824
0.04824346712105507
0.03545113848484713
0.036730371302107906
0.04024826160274303
0.03513133028214399
0.04472557664348869
0.03257286468374338
0.037369987714606284
0.037369987714606284
0.04024826160274303
0.046004809535426024
0.04312653554303293
0.04312653554303293
0.03896902875712951
0.02905497455340564
0.03417190567790465
0.042486919107352895
0.04760385066480641
0.032253056486847384
0.03353228927830416
0.046004809535426024
0.039928453390373674
0.05080193297173033
0.041207686243713994
0.03864922054733631
0.036090754892188
0.05048212473814959
0.02745593361091544
0.03960864517864826
0.03641056309682561
0.04440576842211145
0.039288836967566854
0.03641056309682561
0.03960864517864826
0.03193324829059697
0.037369987714606284
0.041207686243713994
0.03800960412968261
0.0418473026742464
0.03257286468374338
0.03417190567790465
0.03321248107947184
0.044085960201377186
0.04728404243764548
0.028095549985972176
0.03800960412968261
0.032253056486847384
0.03193324829059697
0.03864922054733631
0.02745593361091544
0.036090754892188
0.03800960412968261
0.03353228927830416
0.037369987714606284
0.039288836967566854
0.031293631900033154
0.04920289181024404
0.03289267288128489
0.03768979592182224
0.042486919107352895
0.03864922054733631
0.043446343761837855
0.03768979592182224
0.0415274944586584
0.043766151981285965
0.043766151981285965
0.04312653554303293
0.04696423421112691
0.028095549985972176
0.035770946688195145
0.034811522080085824
0.03289267288128489
0.028415358174470287
0.04024826160274303
0.035770946688195145
0.03960864517864826
0.0316134400949922
0.035770946688195145
0.04088787802941326
0.039288836967566854
0.03768979592182224
0.04472557664348869
0.03641056309682561
0.037369987714606284
0.05016231650521052
0.054959440066641004
0.031293631900033154
0.041207686243713994
0.02745593361091544
0.03321248107947184
0.04760385066480641
0.042486919107352895
0.042167110890477914
0.036090754892188
0.03289267288128489
0.03545113848484713
0.0418473026742464
0.04024826160274303
0.04088787802941326
0.03960864517864826
0.027775741798120538
0.03353228927830416
0.039288836967566854
0.041207686243713994
0.034811522080085824
0.02329842723611547
0.030014399126655496
0.04280672732487125
0.03768979592182224
0.04056806981575624
0.039928453390373674
0.03864922054733631
0.034811522080085824
0.04728404243764548
0.03321248107947184
0.031293631900033154
0.025856892684590446
0.030654015512052477
0.03960864517864826
0.034811522080085824
0.03449171387867269
0.03257286468374338
0.04760385066480641
0.039288836967566854
0.04280672732487125
0.0418473026742464
0.03800960412968261
0.0415274944586584
0.039288836967566854
0.04024826160274303
0.046644425985250766
0.03449171387867269
0.03864922054733631
0.039288836967566854
0.03289267288128489
0.043766151981285965
0.04280672732487125
0.03257286468374338
0.04024826160274303
0.04056806981575624
0.036090754892188
0.041207686243713994
0.036090754892188
0.04728404243764548
0.04312653554303293
0.043446343761837855
0.03960864517864826
0.034811522080085824
0.037369987714606284
0.03321248107947184
0.0287351663636148
0.02969459093492606
0.03353228927830416
0.03097382370571989
0.03832941233818732
0.0316134400949922
0.03385209747778179
0.0287351663636148
0.03641056309682561
0.054959440066641004
0.03353228927830416
0.0415274944586584
0.039288836967566854
0.037369987714606284
0.04920289181024404
0.037369987714606284
0.04760385066480641
0.03960864517864826
0.04088787802941326
0.039288836967566854
0.03545113848484713
0.046004809535426024
0.04504538486550883
0.042486919107352895
0.031293631900033154
0.0316134400949922
0.03768979592182224
0.04088787802941326
0.03513133028214399
0.04696423421112691
0.025217276318588628
0.03417190567790465
0.036090754892188
0.03289267288128489
0.03545113848484713
0.03705017950803482
0.028095549985972176
0.041207686243713994
0.04920289181024404
0.036090754892188
0.028415358174470287
0.030334207319030995
0.04824346712105507
0.03960864517864826
0.03513133028214399
0.04792365889260963
0.03960864517864826
0.03832941233818732
0.03257286468374338
0.036730371302107906
0.035770946688195145
0.03864922054733631
0.04536519308817182
0.03545113848484713
0.03321248107947184
0.0415274944586584
0.027136125424356953
0.030654015512052477
0.0418473026742464
0.039288836967566854
0.04856327535014267
0.043766151981285965
0.04088787802941326
0.05016231650521052
0.03545113848484713
0.03641056309682561
0.03545113848484713
0.036730371302107906
0.03960864517864826
0.04856327535014267
0.04984250827291319
0.043766151981285965
0.04504538486550883
0.03768979592182224
0.04280672732487125
0.036090754892188
0.025856892684590446
0.028415358174470287
0.0415274944586584
0.041207686243713994
0.03864922054733631
0.03641056309682561
0.036090754892188
0.035770946688195145
0.037369987714606284
0.034811522080085824
0.030334207319030995
0.02745593361091544
0.04504538486550883
0.046644425985250766
0.04312653554303293
0.03321248107947184
0.04504538486550883
0.04696423421112691
0.03289267288128489
0.03960864517864826
0.039288836967566854
0.042167110890477914
0.043446343761837855
0.04024826160274303
0.039928453390373674
0.03449171387867269
0.04088787802941326
0.049522700041257674
0.035770946688195145
0.032253056486847384
0.039928453390373674
0.04632461776001711
0.04568500131147757
0.03705017950803482
0.04760385066480641
0.04312653554303293
0.04312653554303293
0.03257286468374338
0.03800960412968261
0.043446343761837855
0.032253056486847384
0.04568500131147757
0.031293631900033154
0.03832941233818732
0.037369987714606284
0.0418473026742464
0.03193324829059697
0.0418473026742464
0.03864922054733631
0.043766151981285965
0.04888308357987234
0.04088787802941326
0.03641056309682561
0.04312653554303293
0.036090754892188
0.03705017950803482
0.03289267288128489
0.0316134400949922
0.04056806981575624
0.039288836967566854
0.043766151981285965
0.04856327535014267
0.04312653554303293
0.04568500131147757
0.036730371302107906
0.03193324829059697
0.028415358174470287
0.03896902875712951
0.03705017950803482
0.03896902875712951
0.05112174120595268
0.03800960412968261
0.04888308357987234
0.043446343761837855
0.0415274944586584
0.03896902875712951
0.04088787802941326
0.036090754892188
0.04056806981575624
0.044085960201377186
0.03353228927830416
0.03513133028214399
0.036730371302107906
0.037369987714606284
0.04536519308817182
0.042486919107352895
0.03864922054733631
0.04856327535014267
0.0415274944586584
0.03289267288128489
0.03545113848484713
0.042486919107352895
0.04728404243764548
0.03449171387867269
0.04312653554303293
0.037369987714606284
0.04024826160274303
0.04472557664348869
0.0415274944586584
0.04632461776001711
0.044085960201377186
0.043766151981285965
0.04472557664348869
0.039928453390373674
0.04632461776001711
0.03705017950803482
0.042167110890477914
0.030654015512052477
0.03896902875712951
0.042167110890477914
0.0415274944586584
0.03705017950803482
0.037369987714606284
0.034811522080085824
0.03289267288128489
0.02905497455340564
0.03449171387867269
0.0418473026742464
0.03864922054733631
0.041207686243713994
0.04760385066480641
0.042167110890477914
0.046004809535426024
0.04024826160274303
0.0418473026742464
0.034811522080085824
0.03545113848484713
0.04280672732487125
0.02969459093492606
0.042486919107352895
0.03417190567790465
0.04920289181024404
0.04024826160274303
0.030654015512052477
0.05016231650521052
0.036730371302107906
0.036730371302107906
0.03417190567790465
0.0287351663636148
0.03289267288128489
0.03960864517864826
0.036090754892188
0.043446343761837855
0.03513133028214399
0.04312653554303293
0.04984250827291319
0.039928453390373674
0.044085960201377186
0.042167110890477914
0.043766151981285965
0.055599056552395575
0.035770946688195145
0.042486919107352895
0.04312653554303293
0.03768979592182224
0.03960864517864826
0.037369987714606284
0.03289267288128489
0.03705017950803482
0.043446343761837855
0.04312653554303293
0.04696423421112691
0.03864922054733631
0.029374782743842753
0.0415274944586584
0.044085960201377186
0.036730371302107906
0.0418473026742464
0.04024826160274303
0.030334207319030995
0.02681631723844514
0.03896902875712951
0.04472557664348869
0.04024826160274303
0.04056806981575624
0.03896902875712951
0.035770946688195145
0.030334207319030995
0.039928453390373674
0.03097382370571989
0.039288836967566854
0.022978619057969125
0.03896902875712951
0.03800960412968261
0.042167110890477914
0.03545113848484713
0.03545113848484713
0.03832941233818732
0.03705017950803482
0.03289267288128489
0.03545113848484713
0.034811522080085824
0.036090754892188
0.04312653554303293
0.030014399126655496
0.036730371302107906
0.039928453390373674
0.03960864517864826
0.04824346712105507
0.037369987714606284
0.03289267288128489
0.043766151981285965
0.03864922054733631
0.03513133028214399
0.039928453390373674
0.04632461776001711
0.044085960201377186
0.030014399126655496
0.027136125424356953
0.03960864517864826
0.0418473026742464
0.0418473026742464
0.04056806981575624
0.03449171387867269
0.039288836967566854
0.04024826160274303
0.0287351663636148
0.042486919107352895
0.04632461776001711
0.037369987714606284
0.039928453390373674
0.044085960201377186
0.03321248107947184
0.04440576842211145
0.042167110890477914
0.039928453390373674
0.04056806981575624
0.03385209747778179
0.04888308357987234
0.04760385066480641
0.034811522080085824
0.03864922054733631
0.02681631723844514
0.03513133028214399
0.043766151981285965
0.0316134400949922
0.031293631900033154
0.03353228927830416
0.04056806981575624
0.043766151981285965
0.036090754892188
0.03800960412968261
0.039928453390373674
0.035770946688195145
0.043766151981285965
0.042167110890477914
0.03545113848484713
0.042167110890477914
0.03960864517864826
0.03353228927830416
0.035770946688195145
0.04056806981575624
0.043446343761837855
0.03705017950803482
0.04088787802941326
0.04824346712105507
0.03864922054733631
0.037369987714606284
0.03193324829059697
0.042486919107352895
0.03705017950803482
0.04888308357987234
0.05048212473814959
0.03417190567790465
0.04312653554303293
0.031293631900033154
0.04280672732487125
0.04088787802941326
0.04504538486550883
0.03513133028214399
0.03705017950803482
0.036730371302107906
0.03321248107947184
0.039928453390373674
0.04088787802941326
0.041207686243713994
0.04024826160274303
0.031293631900033154
0.03321248107947184
0.030654015512052477
0.03513133028214399
0.046004809535426024
0.03768979592182224
0.034811522080085824
0.043446343761837855
0.03705017950803482
0.04056806981575624
0.039288836967566854
0.02969459093492606
0.046644425985250766
0.04536519308817182
0.03960864517864826
0.039288836967566854
0.036730371302107906
0.025856892684590446
0.04984250827291319
0.03960864517864826
0.036090754892188
0.0418473026742464
0.0316134400949922
0.03960864517864826
0.04536519308817182
0.02905497455340564
0.04472557664348869
0.025856892684590446
0.039288836967566854
0.03193324829059697
0.03321248107947184
0.03513133028214399
0.04472557664348869
0.04056806981575624
0.041207686243713994
0.029374782743842753
0.039928453390373674
0.03641056309682561
0.0418473026742464
0.04696423421112691
0.03545113848484713
0.05048212473814959
0.03864922054733631
0.04088787802941326
0.03705017950803482
0.04792365889260963
0.039288836967566854
0.03800960412968261
0.03321248107947184
0.03800960412968261
0.036090754892188
0.03545113848484713
0.03449171387867269
0.04440576842211145
0.046004809535426024
0.03321248107947184
0.04696423421112691
0.027775741798120538
0.034811522080085824
0.04312653554303293
0.049522700041257674
0.03417190567790465
0.03864922054733631
0.04024826160274303
0.042167110890477914
0.04888308357987234
0.026496509053180073
0.03449171387867269
0.036730371302107906
0.04440576842211145
0.036730371302107906
0.03960864517864826
0.042167110890477914
0.025217276318588628
0.04056806981575624
0.043446343761837855
0.04792365889260963
0.042167110890477914
0.044085960201377186
0.046644425985250766
0.03545113848484713
0.04056806981575624
0.032253056486847384
0.03832941233818732
0.04728404243764548
0.036090754892188
0.04440576842211145
0.0418473026742464
0.03097382370571989
0.03449171387867269
0.04888308357987234
0.039288836967566854
0.037369987714606284
0.029374782743842753
0.043766151981285965
0.04472557664348869
0.04024826160274303
0.03832941233818732
0.03417190567790465
0.03545113848484713
0.036730371302107906
0.036090754892188
0.03545113848484713
0.02905497455340564
0.04056806981575624
0.03257286468374338
0.03417190567790465
0.039928453390373674
0.03289267288128489
0.03193324829059697
0.04472557664348869
0.036730371302107906
0.026496509053180073
0.039288836967566854
0.0418473026742464
0.03417190567790465
0.03896902875712951
0.0418473026742464
0.04632461776001711
0.03896902875712951
0.02969459093492606
0.03800960412968261
0.04728404243764548
0.03417190567790465
0.02969459093492606
0.042167110890477914
0.037369987714606284
0.03257286468374338
0.03896902875712951
0.04536519308817182
0.03960864517864826
0.04472557664348869
0.035770946688195145
0.03864922054733631
0.04024826160274303
0.036090754892188
0.03800960412968261
0.03417190567790465
0.030654015512052477
0.03641056309682561
0.028415358174470287
0.039288836967566854
0.034811522080085824
0.04536519308817182
0.03385209747778179
0.03705017950803482
0.04088787802941326
0.04024826160274303
0.03545113848484713
0.044085960201377186
0.03832941233818732
0.04888308357987234
0.03641056309682561
0.03705017950803482
0.042167110890477914
0.03960864517864826
0.03800960412968261
0.043766151981285965
0.03257286468374338
0.046644425985250766
0.03832941233818732
0.03800960412968261
0.0415274944586584
0.04472557664348869
0.03545113848484713
0.0418473026742464
0.035770946688195145
0.03864922054733631
0.03449171387867269
0.03193324829059697
0.04792365889260963
0.04568500131147757
0.03800960412968261
0.03449171387867269
0.02745593361091544
0.04440576842211145
0.041207686243713994
0.03864922054733631
0.05016231650521052
0.0316134400949922
0.04056806981575624
0.03800960412968261
0.03960864517864826
0.046004809535426024
0.04472557664348869
0.039928453390373674
0.03321248107947184
0.034811522080085824
0.04088787802941326
0.044085960201377186
0.043446343761837855
0.04856327535014267
0.041207686243713994
0.030014399126655496
0.03800960412968261
0.030654015512052477
0.04312653554303293
0.03864922054733631
0.035770946688195145
0.04504538486550883
0.0415274944586584
0.02969459093492606
0.03896902875712951
0.036090754892188
0.04056806981575624
0.042486919107352895
0.035770946688195145
0.039928453390373674
0.03513133028214399
0.03960864517864826
0.04984250827291319
0.03960864517864826
0.05016231650521052
0.03417190567790465
0.03768979592182224
0.04056806981575624
0.028415358174470287
0.029374782743842753
0.037369987714606284
0.03449171387867269
0.046004809535426024
0.05016231650521052
0.043766151981285965
0.029374782743842753
0.049522700041257674
0.05112174120595268
0.03417190567790465
0.04312653554303293
0.0415274944586584
0.03641056309682561
0.04440576842211145
0.03385209747778179
0.036730371302107906
0.03864922054733631
0.04984250827291319
0.037369987714606284
0.04856327535014267
0.04856327535014267
0.046644425985250766
0.037369987714606284
0.04280672732487125
0.04632461776001711
0.039288836967566854
0.04792365889260963
0.03641056309682561
0.04920289181024404
0.043766151981285965
0.043446343761837855
0.04632461776001711
0.04056806981575624
0.04088787802941326
0.04472557664348869
0.04824346712105507
0.03960864517864826
0.04792365889260963
0.03705017950803482
0.03768979592182224
0.04088787802941326
0.037369987714606284
0.03768979592182224
0.035770946688195145
0.03864922054733631
0.03641056309682561
0.037369987714606284
0.03960864517864826
0.03864922054733631
0.04056806981575624
0.05016231650521052
0.04792365889260963
0.042486919107352895
0.035770946688195145
0.04760385066480641
0.03960864517864826
0.043446343761837855
0.053040590624756606
0.032253056486847384
0.046644425985250766
0.03289267288128489
0.028095549985972176
0.04760385066480641
0.036090754892188
0.043766151981285965
0.035770946688195145
0.041207686243713994
0.04920289181024404
0.03864922054733631
0.04088787802941326
0.039928453390373674
0.03193324829059697
0.032253056486847384
0.0415274944586584
0.03800960412968261
0.043766151981285965
0.04280672732487125
0.0415274944586584
0.02905497455340564
0.036730371302107906
0.04568500131147757
0.04472557664348869
0.041207686243713994
0.04312653554303293
0.03705017950803482
0.02329842723611547
0.04856327535014267
0.036730371302107906
0.039928453390373674
0.039928453390373674
0.03705017950803482
0.04088787802941326
0.03321248107947184
0.05623867304071244
0.04632461776001711
0.04056806981575624
0.03864922054733631
0.034811522080085824
0.030334207319030995
0.036090754892188
0.03832941233818732
0.043766151981285965
0.04056806981575624
0.042167110890477914
0.03705017950803482
0.036090754892188
0.04888308357987234
0.036090754892188
0.03705017950803482
0.041207686243713994
0.0418473026742464
0.03832941233818732
0.04088787802941326
0.04056806981575624
0.04440576842211145
0.04760385066480641
0.03545113848484713
0.04760385066480641
0.039928453390373674
0.04024826160274303
0.03800960412968261
0.05176135767632191
0.03513133028214399
0.03545113848484713
0.039288836967566854
0.03864922054733631
0.03960864517864826
0.04696423421112691
0.03257286468374338
0.03545113848484713
0.036090754892188
0.039288836967566854
0.044085960201377186
0.030654015512052477
0.03513133028214399
0.03896902875712951
0.04056806981575624
0.023618235414909317
0.046004809535426024
0.04088787802941326
0.04024826160274303
0.0316134400949922
0.04504538486550883
0.03896902875712951
0.037369987714606284
0.029374782743842753
0.035770946688195145
0.04440576842211145
0.03193324829059697
0.032253056486847384
0.04280672732487125
0.04056806981575624
0.039288836967566854
0.042486919107352895
0.04280672732487125
0.036090754892188
0.03864922054733631
0.032253056486847384
0.03896902875712951
0.039928453390373674
0.036090754892188
0.036730371302107906
0.04568500131147757
0.03513133028214399
0.04536519308817182
0.03705017950803482
0.03960864517864826
0.03641056309682561
0.03545113848484713
0.043446343761837855
0.03960864517864826
0.037369987714606284
0.036730371302107906
0.044085960201377186
0.036090754892188
0.0415274944586584
0.03800960412968261
0.03960864517864826
0.03449171387867269
0.03832941233818732
0.04920289181024404
0.03321248107947184
0.043446343761837855
0.03800960412968261
0.032253056486847384
0.03800960412968261
0.03768979592182224
0.037369987714606284
0.039288836967566854
0.04504538486550883
0.053040590624756606
0.03193324829059697
0.034811522080085824
0.04088787802941326
0.031293631900033154
0.04056806981575624
0.05112174120595268
0.04312653554303293
0.04056806981575624
0.04024826160274303
0.05048212473814959
0.03641056309682561
0.04504538486550883
0.025537084501266027
0.04088787802941326
0.04024826160274303
0.036090754892188
0.04728404243764548
0.04472557664348869
0.027775741798120538
0.042486919107352895
0.03960864517864826
0.03193324829059697
0.03800960412968261
0.036730371302107906
0.03417190567790465
0.049522700041257674
0.0415274944586584
0.03960864517864826
0.043446343761837855
0.039288836967566854
0.0415274944586584
0.049522700041257674
0.042167110890477914
0.04856327535014267
0.049522700041257674
0.0418473026742464
0.0418473026742464
0.035770946688195145
0.041207686243713994
0.043766151981285965
0.034811522080085824
0.042486919107352895
0.042486919107352895
0.03257286468374338
0.04920289181024404
0.036090754892188
0.03960864517864826
0.04280672732487125
0.039288836967566854
0.03641056309682561
0.025856892684590446
0.04728404243764548
0.05176135767632191
0.03193324829059697
0.043766151981285965
0.035770946688195145
0.04696423421112691
0.04440576842211145
0.036090754892188
0.041207686243713994
0.04088787802941326
0.0418473026742464
0.04088787802941326
0.036090754892188
0.04824346712105507
0.03545113848484713
0.03385209747778179
0.04696423421112691
0.030014399126655496
0.0418473026742464
0.046004809535426024
0.03257286468374338
0.030334207319030995
0.04088787802941326
0.04760385066480641
0.02969459093492606
0.039928453390373674
0.034811522080085824
0.03545113848484713
0.03353228927830416
0.03545113848484713
0.04440576842211145
0.036730371302107906
0.03800960412968261
0.04024826160274303
0.034811522080085824
0.03960864517864826
0.03768979592182224
0.03768979592182224
0.03257286468374338
0.036090754892188
0.03385209747778179
0.025856892684590446
0.036730371302107906
0.0415274944586584
0.03545113848484713
0.04568500131147757
0.046644425985250766
0.03289267288128489
0.03832941233818732
0.042486919107352895
0.036730371302107906
0.044085960201377186
0.046004809535426024
0.03768979592182224
0.0418473026742464
0.03705017950803482
0.03513133028214399
0.039288836967566854
0.036730371302107906
0.04312653554303293
0.04568500131147757
0.03449171387867269
0.030334207319030995
0.04536519308817182
0.03641056309682561
0.04280672732487125
0.04760385066480641
0.04312653554303293
0.04056806981575624
0.04024826160274303
0.03864922054733631
0.043766151981285965
0.04440576842211145
0.03960864517864826
0.03800960412968261
0.04632461776001711
0.03896902875712951
0.04856327535014267
0.036090754892188
0.04056806981575624
0.05080193297173033
0.052400974149256735
0.04024826160274303
0.03768979592182224
0.03832941233818732
0.05080193297173033
0.03449171387867269
0.03321248107947184
0.03193324829059697
0.04888308357987234
0.041207686243713994
0.037369987714606284
0.030334207319030995
0.03545113848484713
0.04088787802941326
0.036090754892188
0.04824346712105507
0.039928453390373674
0.042486919107352895
0.03417190567790465
0.0418473026742464
0.03768979592182224
0.02905497455340564
0.034811522080085824
0.029374782743842753
0.03513133028214399
0.0287351663636148
0.04088787802941326
0.03449171387867269
0.042486919107352895
0.03864922054733631
0.03960864517864826
0.0418473026742464
0.04088787802941326
0.044085960201377186
0.03385209747778179
0.03864922054733631
0.03864922054733631
0.025217276318588628
0.034811522080085824
0.046004809535426024
0.03864922054733631
0.04504538486550883
0.04888308357987234
0.04472557664348869
0.04056806981575624
0.03193324829059697
0.03705017950803482
0.03960864517864826
0.054000015342814664
0.03545113848484713
0.04632461776001711
0.03417190567790465
0.04568500131147757
0.03864922054733631
0.0418473026742464
0.03800960412968261
0.046004809535426024
0.03321248107947184
0.0418473026742464
0.035770946688195145
0.042167110890477914
0.03193324829059697
0.04056806981575624
0.028415358174470287
0.046004809535426024
0.03705017950803482
0.049522700041257674
0.03864922054733631
0.03705017950803482
0.03545113848484713
0.04280672732487125
0.04632461776001711
0.04056806981575624
0.03513133028214399
0.04920289181024404
0.039288836967566854
0.04536519308817182
0.04792365889260963
0.04088787802941326
0.036090754892188
0.03864922054733631
0.04504538486550883
0.03545113848484713
0.02681631723844514
0.03289267288128489
0.039928453390373674
0.030014399126655496
0.03832941233818732
0.03097382370571989
0.036730371302107906
0.04728404243764548
0.039928453390373674
0.042167110890477914
0.029374782743842753
0.042486919107352895
0.03705017950803482
0.030334207319030995
0.03705017950803482
0.04056806981575624
0.046004809535426024
0.03864922054733631
0.039288836967566854
0.04024826160274303
0.03864922054733631
0.04056806981575624
0.04920289181024404
0.04472557664348869
0.03641056309682561
0.036730371302107906
0.041207686243713994
0.0415274944586584
0.039288836967566854
0.036730371302107906
0.039288836967566854
0.0415274944586584
0.034811522080085824
0.034811522080085824
0.042167110890477914
0.04536519308817182
0.03960864517864826
0.02969459093492606
0.043446343761837855
0.046644425985250766
0.03193324829059697
0.039928453390373674
0.04984250827291319
0.04088787802941326
0.04568500131147757
0.03705017950803482
0.03641056309682561
0.03960864517864826
0.0418473026742464
0.044085960201377186
0.03513133028214399
0.03321248107947184
0.04568500131147757
0.03960864517864826
0.039928453390373674
0.03768979592182224
0.04984250827291319
0.03768979592182224
0.03768979592182224
0.036090754892188
0.039928453390373674
0.0415274944586584
0.034811522080085824
0.043446343761837855
0.039288836967566854
0.036090754892188
0.039288836967566854
0.044085960201377186
0.042167110890477914
0.042486919107352895
0.03321248107947184
0.055599056552395575
0.04056806981575624
0.04024826160274303
0.037369987714606284
0.036730371302107906
0.03641056309682561
0.036730371302107906
0.04536519308817182
0.05080193297173033
0.046004809535426024
0.04568500131147757
0.046004809535426024
0.03800960412968261
0.03193324829059697
0.06007637202439133
0.03353228927830416
0.03289267288128489
0.04824346712105507
0.03353228927830416
0.04440576842211145
0.04696423421112691
0.04312653554303293
0.035770946688195145
0.03097382370571989
0.037369987714606284
0.04888308357987234
0.03289267288128489
0.03353228927830416
0.041207686243713994
0.036090754892188
0.030334207319030995
0.03864922054733631
0.04632461776001711
0.04696423421112691
0.04696423421112691
0.032253056486847384
0.04696423421112691
0.037369987714606284
0.030654015512052477
0.03257286468374338
0.044085960201377186
0.03449171387867269
0.0316134400949922
0.04568500131147757
0.03353228927830416
0.04760385066480641
0.04728404243764548
0.03513133028214399
0.03353228927830416
0.039928453390373674
0.034811522080085824
0.04312653554303293
0.036090754892188
0.036730371302107906
0.03289267288128489
0.046004809535426024
0.03353228927830416
0.03417190567790465
0.039288836967566854
0.03800960412968261
0.04472557664348869
0.041207686243713994
0.041207686243713994
0.036090754892188
0.04056806981575624
0.05048212473814959
0.046644425985250766
0.04472557664348869
0.03417190567790465
0.037369987714606284
0.0415274944586584
0.036090754892188
0.043766151981285965
0.03449171387867269
0.04728404243764548
0.04792365889260963
0.03513133028214399
0.04024826160274303
0.041207686243713994
0.04088787802941326
0.042167110890477914
0.030654015512052477
0.034811522080085824
0.043766151981285965
0.04472557664348869
0.025856892684590446
0.03321248107947184
0.02905497455340564
0.03417190567790465
0.0418473026742464
0.03257286468374338
0.03960864517864826
0.04632461776001711
0.037369987714606284
0.030654015512052477
0.04088787802941326
0.035770946688195145
0.02681631723844514
0.042167110890477914
0.04536519308817182
0.03705017950803482
0.03896902875712951
0.03832941233818732
0.028095549985972176
0.034811522080085824
0.03832941233818732
0.05080193297173033
0.03896902875712951
0.037369987714606284
0.042167110890477914
0.042167110890477914
0.03417190567790465
0.042167110890477914
0.04536519308817182
0.03193324829059697
0.05144154944081656
0.0415274944586584
0.04056806981575624
0.03705017950803482
0.03289267288128489
0.04792365889260963
0.036730371302107906
0.03705017950803482
0.043766151981285965
0.03545113848484713
0.03353228927830416
0.042486919107352895
0.04440576842211145
0.03417190567790465
0.046004809535426024
0.04536519308817182
0.05368020710282097
0.03864922054733631
0.03097382370571989
0.03545113848484713
0.04440576842211145
0.052081165912468655
0.05016231650521052
0.049522700041257674
0.03449171387867269
0.039928453390373674
0.042167110890477914
0.039288836967566854
0.041207686243713994
0.04280672732487125
0.03449171387867269
0.0418473026742464
0.041207686243713994
0.043446343761837855
0.0316134400949922
0.03800960412968261
0.034811522080085824
0.03193324829059697
0.03896902875712951
0.03449171387867269
0.04280672732487125
0.0418473026742464
0.043766151981285965
0.042167110890477914
0.03449171387867269
0.03960864517864826
0.04056806981575624
0.04824346712105507
0.03449171387867269
0.03832941233818732
0.036090754892188
0.039928453390373674
0.039288836967566854
0.04504538486550883
0.036730371302107906
0.04088787802941326
0.03513133028214399
0.043446343761837855
0.03896902875712951
0.03832941233818732
0.03385209747778179
0.041207686243713994
0.034811522080085824
0.03545113848484713
0.037369987714606284
0.03097382370571989
0.03960864517864826
0.02905497455340564
0.043446343761837855
0.04696423421112691
0.039928453390373674
0.029374782743842753
0.04568500131147757
0.04024826160274303
0.036730371302107906
0.04440576842211145
0.035770946688195145
0.02745593361091544
0.043446343761837855
0.04568500131147757
0.037369987714606284
0.04312653554303293
0.03545113848484713
0.04792365889260963
0.028095549985972176
0.0418473026742464
0.03513133028214399
0.04792365889260963
0.030014399126655496
0.03800960412968261
0.03545113848484713
0.035770946688195145
0.04728404243764548
0.043446343761837855
0.03864922054733631
0.03257286468374338
0.03545113848484713
0.039928453390373674
0.03800960412968261
0.03768979592182224
0.046004809535426024
0.05080193297173033
0.0316134400949922
0.03768979592182224
0.042486919107352895
0.04280672732487125
0.032253056486847384
0.03864922054733631
0.03417190567790465
0.03321248107947184
0.042486919107352895
0.03832941233818732
0.03321248107947184
0.04568500131147757
0.03705017950803482
0.041207686243713994
0.03832941233818732
0.03513133028214399
0.03545113848484713
0.04024826160274303
0.034811522080085824
0.028415358174470287
0.03417190567790465
0.03705017950803482
0.03545113848484713
0.04088787802941326
0.043766151981285965
0.042486919107352895
0.03768979592182224
0.039928453390373674
0.04472557664348869
0.02969459093492606
0.043446343761837855
0.02457765995517516
0.022658810880470347
0.04024826160274303
0.04312653554303293
0.042486919107352895
0.043766151981285965
0.030654015512052477
0.039288836967566854
0.030334207319030995
0.03321248107947184
0.034811522080085824
0.032253056486847384
0.036090754892188
0.02681631723844514
0.034811522080085824
0.03257286468374338
0.025537084501266027
0.052081165912468655
0.04024826160274303
0.0415274944586584
0.031293631900033154
0.034811522080085824
0.054000015342814664
0.026176700868561817
0.04728404243764548