0.04888308357987234
0.054959440066641004
0.07542716887896972
0.03641056309682561
0.05527924830919796
0.06679234546738516
0.05975656377223191
0.06743196200045357
0.052081165912468655
0.05368020710282097
0.07574697716238973
0.05080193297173033
0.05623867304071244
0.0418473026742464
0.07830544345264932
0.07126966125244018
0.044085960201377186
0.052081165912468655
0.06935081161496956
0.05336039886346826
0.05623867304071244
0.054000015342814664
0.06359426284034467
0.07126966125244018
0.06583292067256903
0.05687828953159107
0.05623867304071244
0.06391407110017495
0.05368020710282097
0.04888308357987234
0.07382812747141593
0.05112174120595268
0.054639631824724755
0.05975656377223191
0.049522700041257674
0.06679234546738516
0.04728404243764548
0.054319823583449285
0.05368020710282097
0.06199522155077746
0.07063004470406704
0.06391407110017495
0.06647253720180818
0.055599056552395575
0.04280672732487125
0.05080193297173033
0.06327445458115322
0.07190927780336219
0.04760385066480641
0.05016231650521052
0.07031023643083646
0.059436755520712155
0.07446774403252791
0.059116947269832174
0.06039618027719038
0.05080193297173033
0.07702621030243166
0.039288836967566854
0.0578377142727111
0.05336039886346826
0.06775177026794486
0.05719809777799087
0.05368020710282097
0.06359426284034467
0.04792365889260963
0.05623867304071244
0.06039618027719038
0.05591886479623375
0.06327445458115322
0.04728404243764548
0.04856327535014267
0.04888308357987234
0.06871119507424632
0.07286870263452312
0.04088787802941326
0.05591886479623375
0.04760385066480641
0.043766151981285965
0.054319823583449285
0.04088787802941326
0.054639631824724755
0.053040590624756606
0.04632461776001711
0.055599056552395575
0.06263483806468721
0.04728404243764548
0.07734601858903228
0.052400974149256735
0.05751790602503091
0.06359426284034467
0.059116947269832174
0.06551311240890699
0.05623867304071244
0.06295464632260071
0.06487349588349835
0.06551311240890699
0.06423387936064405
0.07031023643083646
0.039288836967566854
0.05336039886346826
0.05719809777799087
0.04504538486550883
0.03896902875712951
0.06071598853062898
0.05112174120595268
0.06039618027719038
0.04536519308817182
0.054959440066641004
0.06295464632260071
0.059436755520712155
0.05719809777799087
0.07094985297793496
0.05176135767632191
0.06007637202439133
0.07830544345264932
0.08662045917679456
0.04792365889260963
0.06103579678470705
0.03768979592182224
0.05048212473814959
0.07670640201646703
0.06423387936064405
0.06615272893686945
0.054959440066641004
0.04888308357987234
0.05719809777799087
0.06551311240890699
0.06327445458115322
0.06231502980741277
0.06359426284034467
0.03768979592182224
0.04856327535014267
0.06199522155077746
0.06135560503942454
0.05016231650521052
0.03417190567790465
0.04536519308817182
0.06295464632260071
0.05847733076999172
0.06295464632260071
0.05847733076999172
0.06007637202439133
0.055599056552395575
0.07798563516414117
0.05368020710282097
0.04792365889260963
0.03864922054733631
0.04568500131147757
0.06391407110017495
0.05144154944081656
0.05368020710282097
0.04824346712105507
0.07446774403252791
0.06487349588349835
0.06743196200045357
0.06423387936064405
0.059436755520712155
0.06103579678470705
0.05847733076999172
0.05719809777799087
0.07063004470406704
0.05272078238668607
0.06295464632260071
0.06135560503942454
0.046644425985250766
0.06967061988628766
0.06551311240890699
0.05048212473814959
0.06135560503942454
0.06519330414588341
0.052081165912468655
0.06199522155077746
0.055599056552395575
0.07286870263452312
0.06423387936064405
0.06455368762175187
0.06263483806468721
0.05655848128583157
0.05623867304071244
0.05048212473814959
0.0418473026742464
0.04536519308817182
0.04856327535014267
0.04568500131147757
0.055599056552395575
0.04728404243764548
0.05368020710282097
0.043446343761837855
0.05527924830919796
0.0808639097835943
0.04856327535014267
0.06455368762175187
0.059116947269832174
0.05272078238668607
0.0725488943568325
0.05687828953159107
0.07190927780336219
0.0581575225210314
0.059116947269832174
0.06071598853062898
0.05080193297173033
0.0690310033442891
0.0735083191918149
0.06551311240890699
0.04568500131147757
0.04760385066480641
0.05591886479623375
0.06359426284034467
0.04824346712105507
0.07126966125244018
0.03513133028214399
0.05176135767632191
0.05112174120595268
0.04856327535014267
0.05176135767632191
0.054000015342814664
0.044085960201377186
0.06071598853062898
0.07190927780336219
0.05112174120595268
0.03864922054733631
0.04760385066480641
0.07190927780336219
0.06263483806468721
0.05336039886346826
0.07734601858903228
0.05655848128583157
0.059116947269832174
0.04856327535014267
0.05975656377223191
0.05591886479623375
0.059436755520712155
0.06935081161496956
0.049522700041257674
0.04856327535014267
0.06071598853062898
0.039288836967566854
0.043766151981285965
0.06295464632260071
0.05751790602503091
0.07574697716238973
0.06455368762175187
0.06071598853062898
0.07638659373113844
0.04920289181024404
0.05368020710282097
0.05655848128583157
0.05623867304071244
0.06135560503942454
0.07478755231403875
0.07414793575165361
0.06967061988628766
0.06487349588349835
0.05336039886346826
0.06359426284034467
0.05655848128583157
0.03800960412968261
0.041207686243713994
0.06103579678470705
0.059436755520712155
0.05879713901959199
0.054639631824724755
0.05176135767632191
0.05080193297173033
0.05336039886346826
0.05368020710282097
0.04632461776001711
0.0418473026742464
0.06647253720180818
0.06935081161496956
0.06327445458115322
0.04760385066480641
0.06551311240890699
0.07094985297793496
0.04856327535014267
0.05591886479623375
0.055599056552395575
0.06263483806468721
0.06231502980741277
0.06071598853062898
0.05879713901959199
0.04856327535014267
0.06327445458115322
0.07126966125244018
0.053040590624756606
0.04504538486550883
0.059116947269832174
0.06871119507424632
0.0671121537336003
0.05623867304071244
0.06871119507424632
0.06583292067256903
0.06359426284034467
0.04504538486550883
0.05527924830919796
0.06583292067256903
0.04568500131147757
0.07126966125244018
0.04888308357987234
0.0578377142727111
0.05527924830919796
0.06263483806468721
0.046004809535426024
0.06231502980741277
0.05591886479623375
0.06071598853062898
0.0725488943568325
0.06135560503942454
0.05368020710282097
0.06455368762175187
0.055599056552395575
0.054319823583449285
0.04696423421112691
0.049522700041257674
0.06071598853062898
0.06103579678470705
0.06551311240890699
0.07606678544644599
0.06519330414588341
0.06743196200045357
0.054959440066641004
0.04312653554303293
0.03641056309682561
0.05687828953159107
0.05687828953159107
0.05751790602503091
0.07734601858903228
0.054319823583449285
0.07414793575165361
0.06391407110017495
0.06039618027719038
0.06071598853062898
0.06199522155077746
0.054319823583449285
0.06071598853062898
0.06391407110017495
0.05048212473814959
0.054639631824724755
0.0578377142727111
0.054639631824724755
0.0690310033442891
0.06263483806468721
0.059436755520712155
0.07414793575165361
0.06295464632260071
0.04856327535014267
0.052400974149256735
0.06359426284034467
0.06839138680484132
0.05080193297173033
0.0690310033442891
0.059116947269832174
0.06263483806468721
0.06839138680484132
0.06295464632260071
0.06935081161496956
0.06487349588349835
0.06551311240890699
0.06871119507424632
0.059116947269832174
0.07126966125244018
0.05144154944081656
0.061675413294781364
0.044085960201377186
0.05655848128583157
0.06295464632260071
0.06007637202439133
0.05272078238668607
0.052400974149256735
0.04888308357987234
0.043766151981285965
0.0415274944586584
0.05368020710282097
0.05975656377223191
0.05591886479623375
0.05847733076999172
0.07031023643083646
0.06327445458115322
0.06359426284034467
0.059436755520712155
0.06327445458115322
0.04920289181024404
0.05336039886346826
0.06135560503942454
0.043766151981285965
0.06135560503942454
0.054319823583449285
0.07094985297793496
0.06039618027719038
0.044085960201377186
0.07094985297793496
0.05591886479623375
0.04856327535014267
0.04792365889260963
0.0418473026742464
0.04824346712105507
0.059436755520712155
0.054319823583449285
0.06647253720180818
0.053040590624756606
0.06231502980741277
0.07286870263452312
0.0578377142727111
0.06679234546738516
0.06327445458115322
0.06551311240890699
0.08246295126107983
0.052081165912468655
0.06359426284034467
0.06103579678470705
0.05719809777799087
0.06007637202439133
0.05272078238668607
0.04728404243764548
0.04984250827291319
0.06455368762175187
0.06423387936064405
0.07382812747141593
0.05975656377223191
0.04280672732487125
0.06199522155077746
0.06839138680484132
0.05527924830919796
0.06583292067256903
0.06487349588349835
0.04696423421112691
0.04056806981575624
0.06103579678470705
0.06679234546738516
0.06007637202439133
0.06359426284034467
0.06071598853062898
0.05336039886346826
0.04824346712105507
0.059116947269832174
0.04856327535014267
0.06103579678470705
0.032253056486847384
0.0581575225210314
0.05272078238668607
0.06583292067256903
0.055599056552395575
0.05368020710282097
0.06007637202439133
0.052081165912468655
0.05016231650521052
0.055599056552395575
0.05112174120595268
0.054639631824724755
0.05879713901959199
0.04440576842211145
0.054959440066641004
0.059436755520712155
0.061675413294781364
0.0715894695275826
0.05847733076999172
0.05080193297173033
0.07031023643083646
0.05719809777799087
0.052081165912468655
0.06263483806468721
0.0715894695275826
0.06935081161496956
0.043446343761837855
0.041207686243713994
0.06007637202439133
0.061675413294781364
0.06359426284034467
0.05975656377223191
0.05112174120595268
0.059116947269832174
0.06487349588349835
0.0418473026742464
0.06391407110017495
0.06967061988628766
0.054319823583449285
0.06071598853062898
0.06775177026794486
0.05144154944081656
0.07031023643083646
0.06423387936064405
0.06039618027719038
0.06039618027719038
0.05176135767632191
0.07063004470406704
0.07414793575165361
0.05176135767632191
0.05751790602503091
0.03960864517864826
0.053040590624756606
0.07126966125244018
0.046644425985250766
0.04696423421112691
0.05048212473814959
0.06391407110017495
0.06551311240890699
0.054000015342814664
0.05847733076999172
0.05719809777799087
0.05527924830919796
0.06743196200045357
0.06295464632260071
0.05272078238668607
0.06519330414588341
0.0578377142727111
0.05080193297173033
0.052400974149256735
0.06423387936064405
0.06519330414588341
0.05751790602503091
0.06615272893686945
0.07031023643083646
0.05527924830919796
0.05527924830919796
0.04696423421112691
0.06391407110017495
0.05655848128583157
0.07478755231403875
0.0776658268762688
0.05080193297173033
0.06519330414588341
0.04632461776001711
0.06487349588349835
0.06263483806468721
0.07031023643083646
0.054319823583449285
0.05623867304071244
0.05272078238668607
0.05336039886346826
0.06103579678470705
0.06135560503942454
0.06039618027719038
0.05975656377223191
0.04856327535014267
0.046004809535426024
0.04632461776001711
0.05144154944081656
0.06967061988628766
0.05847733076999172
0.05016231650521052
0.06807157853607414
0.054639631824724755
0.05847733076999172
0.06071598853062898
0.04024826160274303
0.07190927780336219
0.07031023643083646
0.05975656377223191
0.0578377142727111
0.05272078238668607
0.03705017950803482
0.07510736059618603
0.06007637202439133
0.05144154944081656
0.06391407110017495
0.04696423421112691
0.05879713901959199
0.07094985297793496
0.0418473026742464
0.06231502980741277
0.034811522080085824
0.059116947269832174
0.046004809535426024
0.05016231650521052
0.05112174120595268
0.06807157853607414
0.06263483806468721
0.06199522155077746
0.04472557664348869
0.06071598853062898
0.0581575225210314
0.06327445458115322
0.07190927780336219
0.04984250827291319
0.07063004470406704
0.05687828953159107
0.06103579678470705
0.05751790602503091
0.07478755231403875
0.05847733076999172
0.06039618027719038
0.04792365889260963
0.05655848128583157
0.04888308357987234
0.052400974149256735
0.052400974149256735
0.06423387936064405
0.07063004470406704
0.05176135767632191
0.06871119507424632
0.0415274944586584
0.054000015342814664
0.06743196200045357
0.07862525174179319
0.054959440066641004
0.05719809777799087
0.059116947269832174
0.06519330414588341
0.07542716887896972
0.04056806981575624
0.05176135767632191
0.05527924830919796
0.06679234546738516
0.05719809777799087
0.06039618027719038
0.06487349588349835
0.03800960412968261
0.06583292067256903
0.06615272893686945
0.07190927780336219
0.06551311240890699
0.06455368762175187
0.06999042815824331
0.052400974149256735
0.06039618027719038
0.04856327535014267
0.05655848128583157
0.06935081161496956
0.053040590624756606
0.06615272893686945
0.06423387936064405
0.044085960201377186
0.05048212473814959
0.07702621030243166
0.06135560503942454
0.05751790602503091
0.04440576842211145
0.06871119507424632
0.06519330414588341
0.06007637202439133
0.059116947269832174
0.054319823583449285
0.05591886479623375
0.054000015342814664
0.05368020710282097
0.05719809777799087
0.043766151981285965
0.06135560503942454
0.05048212473814959
0.05144154944081656
0.06071598853062898
0.05144154944081656
0.05080193297173033
0.0671121537336003
0.052400974149256735
0.0415274944586584
0.05847733076999172
0.06263483806468721
0.05368020710282097
0.059436755520712155
0.06231502980741277
0.07063004470406704
0.06103579678470705
0.04312653554303293
0.05623867304071244
0.06871119507424632
0.05368020710282097
0.04440576842211145
0.06615272893686945
0.055599056552395575
0.05016231650521052
0.05975656377223191
0.06743196200045357
0.06071598853062898
0.06679234546738516
0.05144154944081656
0.05751790602503091
0.05655848128583157
0.054000015342814664
0.06039618027719038
0.05112174120595268
0.04472557664348869
0.05368020710282097
0.04056806981575624
0.06103579678470705
0.05336039886346826
0.06647253720180818
0.05144154944081656
0.055599056552395575
0.06103579678470705
0.06071598853062898
0.05048212473814959
0.06231502980741277
0.054639631824724755
0.0731885109128506
0.05527924830919796
0.054000015342814664
0.059436755520712155
0.06231502980741277
0.0578377142727111
0.06519330414588341
0.04760385066480641
0.06999042815824331
0.054319823583449285
0.05655848128583157
0.06135560503942454
0.06743196200045357
0.05144154944081656
0.06359426284034467
0.05336039886346826
0.0581575225210314
0.05336039886346826
0.04856327535014267
0.07734601858903228
0.07031023643083646
0.05847733076999172
0.05048212473814959
0.0418473026742464
0.0671121537336003
0.06359426284034467
0.061675413294781364
0.07638659373113844
0.04632461776001711
0.06071598853062898
0.05719809777799087
0.05655848128583157
0.06743196200045357
0.06647253720180818
0.0581575225210314
0.049522700041257674
0.05144154944081656
0.06007637202439133
0.06519330414588341
0.06455368762175187
0.06935081161496956
0.06295464632260071
0.046004809535426024
0.05144154944081656
0.04536519308817182
0.06135560503942454
0.06199522155077746
0.05368020710282097
0.06775177026794486
0.061675413294781364
0.04536519308817182
0.059436755520712155
0.054639631824724755
0.06231502980741277
0.06583292067256903
0.054000015342814664
0.06263483806468721
0.053040590624756606
0.06103579678470705
0.07574697716238973
0.0581575225210314
0.07926486832198774
0.05368020710282097
0.0581575225210314
0.06263483806468721
0.03832941233818732
0.043446343761837855
0.0578377142727111
0.054000015342814664
0.06775177026794486
0.07638659373113844
0.06551311240890699
0.04440576842211145
0.07542716887896972
0.0776658268762688
0.04792365889260963
0.06103579678470705
0.06135560503942454
0.054959440066641004
0.06615272893686945
0.049522700041257674
0.052081165912468655
0.05719809777799087
0.0715894695275826
0.053040590624756606
0.0731885109128506
0.07510736059618603
0.06935081161496956
0.055599056552395575
0.06231502980741277
0.06679234546738516
0.05591886479623375
0.06935081161496956
0.05368020710282097
0.07382812747141593
0.06359426284034467
0.06359426284034467
0.06935081161496956
0.05847733076999172
0.06071598853062898
0.06647253720180818
0.06775177026794486
0.05719809777799087
0.06999042815824331
0.05623867304071244
0.05272078238668607
0.06199522155077746
0.054639631824724755
0.05527924830919796
0.05080193297173033
0.05655848128583157
0.05655848128583157
0.05176135767632191
0.0581575225210314
0.0578377142727111
0.06295464632260071
0.07670640201646703
0.0735083191918149
0.06007637202439133
0.04984250827291319
0.0690310033442891
0.05655848128583157
0.06359426284034467
0.07926486832198774
0.04536519308817182
0.0715894695275826
0.04760385066480641
0.08789969240319036
0.12052014308970271
0.052081165912468655
0.06455368762175187
0.05272078238668607
0.06199522155077746
0.07542716887896972
0.05879713901959199
0.05975656377223191
0.061675413294781364
0.04984250827291319
0.04536519308817182
0.06199522155077746
0.05655848128583157
0.06455368762175187
0.06231502980741277
0.06423387936064405
0.04312653554303293
0.054000015342814664
0.0690310033442891
0.06327445458115322
0.06039618027719038
0.06103579678470705
0.05336039886346826
0.07990448490472433
0.07638659373113844
0.05591886479623375
0.05687828953159107
0.059116947269832174
0.05591886479623375
0.06135560503942454
0.04728404243764548
0.08470160935622002
0.06775177026794486
0.0581575225210314
0.05655848128583157
0.052081165912468655
0.04312653554303293
0.054319823583449285
0.052400974149256735
0.06647253720180818
0.059436755520712155
0.06263483806468721
0.0578377142727111
0.055599056552395575
0.0731885109128506
0.05112174120595268
0.05272078238668607
0.06359426284034467
0.06359426284034467
0.05591886479623375
0.06327445458115322
0.0581575225210314
0.06839138680484132
0.07286870263452312
0.052400974149256735
0.0731885109128506
0.059116947269832174
0.06135560503942454
0.055599056552395575
0.07574697716238973
0.049522700041257674
0.05336039886346826
0.05623867304071244
0.05751790602503091
0.06263483806468721
0.07063004470406704
0.05080193297173033
0.055599056552395575
0.054000015342814664
0.05719809777799087
0.06615272893686945
0.04568500131147757
0.054000015342814664
0.05623867304071244
0.06135560503942454
0.03545113848484713
0.07031023643083646
0.06231502980741277
0.06039618027719038
0.04824346712105507
0.06679234546738516
0.05879713901959199
0.05719809777799087
0.04760385066480641
0.054319823583449285
0.06583292067256903
0.04888308357987234
0.04856327535014267
0.06647253720180818
0.05847733076999172
0.05975656377223191
0.06359426284034467
0.0671121537336003
0.054639631824724755
0.05975656377223191
0.04504538486550883
0.05527924830919796
0.0581575225210314
0.049522700041257674
0.05655848128583157
0.06839138680484132
0.054000015342814664
0.06295464632260071
0.05719809777799087
0.06103579678470705
0.05272078238668607
0.054959440066641004
0.06519330414588341
0.05751790602503091
0.05719809777799087
0.05623867304071244
0.06455368762175187
0.05272078238668607
0.06135560503942454
0.05687828953159107
0.059436755520712155
0.05144154944081656
0.05591886479623375
0.0731885109128506
0.04728404243764548
0.06647253720180818
0.05719809777799087
0.04568500131147757
0.05719809777799087
0.05527924830919796
0.05655848128583157
0.05975656377223191
0.06775177026794486
0.08022429319704572
0.046004809535426024
0.05272078238668607
0.06359426284034467
0.04856327535014267
0.06007637202439133
0.0731885109128506
0.06583292067256903
0.05975656377223191
0.06103579678470705
0.0776658268762688
0.05591886479623375
0.06615272893686945
0.03513133028214399
0.06039618027719038
0.05751790602503091
0.05272078238668607
0.0731885109128506
0.0671121537336003
0.042167110890477914
0.061675413294781364
0.05655848128583157
0.04696423421112691
0.10357030024800136
0.10293068357159582
0.04984250827291319
0.07382812747141593
0.06263483806468721
0.06103579678470705
0.06295464632260071
0.05687828953159107
0.05975656377223191
0.07063004470406704
0.061675413294781364
0.0725488943568325
0.07286870263452312
0.06327445458115322
0.06359426284034467
0.05080193297173033
0.06007637202439133
0.06615272893686945
0.05112174120595268
0.06071598853062898
0.06551311240890699
0.04792365889260963
0.07382812747141593
0.054639631824724755
0.05591886479623375
0.06103579678470705
0.059436755520712155
0.04856327535014267
0.03513133028214399
0.0690310033442891
0.07574697716238973
0.04760385066480641
0.06807157853607414
0.05016231650521052
0.06647253720180818
0.06359426284034467
0.05272078238668607
0.06359426284034467
0.05879713901959199
0.06359426284034467
0.05975656377223191
0.05368020710282097
0.07126966125244018
0.049522700041257674
0.04792365889260963
0.06647253720180818
0.04088787802941326
0.059116947269832174
0.06775177026794486
0.04568500131147757
0.04280672732487125
0.0581575225210314
0.0731885109128506
0.037369987714606284
0.06007637202439133
0.05144154944081656
0.054000015342814664
0.04856327535014267
0.05048212473814959
0.06775177026794486
0.053040590624756606
0.054000015342814664
0.05847733076999172
0.04920289181024404
0.05623867304071244
0.052081165912468655
0.05591886479623375
0.04728404243764548
0.05527924830919796
0.05080193297173033
0.036090754892188
0.05336039886346826
0.059436755520712155
0.05144154944081656
0.07286870263452312
0.07126966125244018
0.046644425985250766
0.055599056552395575
0.06199522155077746
0.054959440066641004
0.06679234546738516
0.0690310033442891
0.05368020710282097
0.059436755520712155
0.05336039886346826
0.05527924830919796
0.05879713901959199
0.054639631824724755
0.06679234546738516
0.06679234546738516
0.04824346712105507
0.04632461776001711
0.0725488943568325
0.054000015342814664
0.06327445458115322
0.07222908607977883
0.0671121537336003
0.061675413294781364
0.059116947269832174
0.0578377142727111
0.06935081161496956
0.06327445458115322
0.05975656377223191
0.05591886479623375
0.06935081161496956
0.06039618027719038
0.0735083191918149
0.052400974149256735
0.05975656377223191
0.07958467661303832
0.07958467661303832
0.05655848128583157
0.06103579678470705
0.05527924830919796
0.0735083191918149
0.04984250827291319
0.04568500131147757
0.05368020710282097
0.07478755231403875
0.06199522155077746
0.054639631824724755
0.04632461776001711
0.054639631824724755
0.06231502980741277
0.05368020710282097
0.06839138680484132
0.061675413294781364
0.06679234546738516
0.05016231650521052
0.06423387936064405
0.059436755520712155
0.042486919107352895
0.052081165912468655
0.042167110890477914
0.04728404243764548
0.04088787802941326
0.06263483806468721
0.054319823583449285
0.06263483806468721
0.053040590624756606
0.0581575225210314
0.06487349588349835
0.06039618027719038
0.06103579678470705
0.04888308357987234
0.059116947269832174
0.055599056552395575
0.036090754892188
0.05144154944081656
0.06839138680484132
0.05751790602503091
0.06519330414588341
0.07286870263452312
0.06807157853607414
0.0581575225210314
0.04760385066480641
0.05751790602503091
0.06039618027719038
0.08246295126107983
0.052400974149256735
0.06839138680484132
0.05176135767632191
0.06679234546738516
0.06039618027719038
0.06359426284034467
0.05591886479623375
0.07190927780336219
0.04920289181024404
0.06423387936064405
0.05048212473814959
0.06391407110017495
0.04792365889260963
0.059116947269832174
0.041207686243713994
0.06743196200045357
0.0578377142727111
0.07702621030243166
0.06039618027719038
0.05368020710282097
0.054319823583449285
0.06455368762175187
0.07126966125244018
0.05975656377223191
0.052081165912468655
0.07414793575165361
0.05751790602503091
0.0715894695275826
0.07190927780336219
0.06295464632260071
0.05527924830919796
0.059116947269832174
0.06775177026794486
0.04824346712105507
0.03832941233818732
0.054000015342814664
0.061675413294781364
0.04728404243764548
0.06231502980741277
0.04632461776001711
0.05368020710282097
0.06871119507424632
0.05975656377223191
0.06391407110017495
0.04056806981575624
0.06583292067256903
0.054319823583449285
0.04536519308817182
0.05080193297173033
0.05591886479623375
0.06999042815824331
0.05719809777799087
0.05879713901959199
0.06007637202439133
0.06039618027719038
0.06135560503942454
0.07286870263452312
0.06775177026794486
0.054959440066641004
0.05719809777799087
0.059436755520712155
0.06487349588349835
0.05847733076999172
0.05719809777799087
0.06135560503942454
0.06135560503942454
0.05112174120595268
0.052400974149256735
0.06327445458115322
0.06871119507424632
0.06135560503942454
0.043766151981285965
0.06807157853607414
0.0735083191918149
0.04632461776001711
0.06071598853062898
0.07926486832198774
0.06295464632260071
0.06839138680484132
0.05336039886346826
0.059436755520712155
0.05975656377223191
0.06295464632260071
0.06871119507424632
0.04920289181024404
0.049522700041257674
0.07094985297793496
0.059436755520712155
0.06199522155077746
0.05751790602503091
0.0715894695275826
0.05687828953159107
0.0581575225210314
0.05687828953159107
0.05687828953159107
0.06263483806468721
0.052400974149256735
0.06743196200045357
0.06007637202439133
0.054639631824724755
0.05719809777799087
0.06583292067256903
0.06519330414588341
0.06487349588349835
0.04568500131147757
0.08342237615518952
0.05879713901959199
0.06327445458115322
0.054000015342814664
0.05655848128583157
0.052400974149256735
0.052400974149256735
0.06679234546738516
0.07702621030243166
0.07190927780336219
0.06423387936064405
0.06967061988628766
0.05879713901959199
0.04696423421112691
0.09077796719964287
0.05016231650521052
0.046004809535426024
0.07414793575165361
0.04728404243764548
0.06519330414588341
0.07222908607977883
0.0671121537336003
0.05176135767632191
0.04760385066480641
0.059436755520712155
0.07126966125244018
0.04792365889260963
0.05080193297173033
0.06263483806468721
0.054000015342814664
0.04440576842211145
0.055599056552395575
0.06935081161496956
0.06807157853607414
0.06807157853607414
0.05016231650521052
0.06775177026794486
0.05623867304071244
0.04472557664348869
0.04888308357987234
0.06551311240890699
0.04984250827291319
0.053040590624756606
0.06839138680484132
0.04472557664348869
0.06935081161496956
0.0690310033442891
0.05336039886346826
0.04824346712105507
0.055599056552395575
0.05144154944081656
0.06359426284034467
0.05591886479623375
0.052400974149256735
0.04792365889260963
0.06999042815824331
0.05048212473814959
0.04824346712105507
0.06007637202439133
0.054959440066641004
0.06647253720180818
0.06263483806468721
0.06007637202439133
0.054639631824724755
0.059116947269832174
0.07414793575165361
0.06935081161496956
0.06743196200045357
0.05048212473814959
0.054639631824724755
0.06007637202439133
0.05144154944081656
0.06551311240890699
0.053040590624756606
0.06999042815824331
0.06967061988628766
0.05016231650521052
0.06007637202439133
0.06103579678470705
0.06135560503942454
0.06135560503942454
0.04280672732487125
0.05080193297173033
0.06679234546738516
0.06743196200045357
0.039928453390373674
0.049522700041257674
0.042486919107352895
0.04760385066480641
0.061675413294781364
0.04856327535014267
0.0578377142727111
0.06999042815824331
0.05176135767632191
0.04440576842211145
0.05879713901959199
0.05591886479623375
0.03768979592182224
0.06487349588349835
0.06775177026794486
0.05527924830919796
0.0578377142727111
0.05655848128583157
0.041207686243713994
0.05144154944081656
0.05655848128583157
0.07830544345264932
0.0578377142727111
0.05623867304071244
0.06455368762175187
0.06487349588349835
0.04920289181024404
0.06295464632260071
0.07094985297793496
0.04472557664348869
0.07734601858903228
0.06391407110017495
0.0578377142727111
0.05144154944081656
0.04856327535014267
0.0715894695275826
0.054000015342814664
0.055599056552395575
0.06775177026794486
0.05336039886346826
0.04760385066480641
0.06231502980741277
0.0671121537336003
0.049522700041257674
0.06391407110017495
0.06679234546738516
0.07958467661303832
0.05751790602503091
0.04280672732487125
0.052400974149256735
0.06487349588349835
0.07670640201646703
0.07510736059618603
0.07414793575165361
0.05144154944081656
0.059436755520712155
0.06039618027719038
0.054319823583449285
0.05879713901959199
0.06199522155077746
0.05112174120595268
0.06327445458115322
0.061675413294781364
0.06487349588349835
0.04440576842211145
0.05336039886346826
0.052081165912468655
0.04504538486550883
0.05879713901959199
0.04920289181024404
0.06615272893686945
0.06423387936064405
0.06199522155077746
0.05975656377223191
0.04856327535014267
0.0581575225210314
0.06103579678470705
0.07094985297793496
0.05080193297173033
0.05687828953159107
0.05527924830919796
0.05975656377223191
0.06039618027719038
0.06871119507424632
0.05527924830919796
0.06327445458115322
0.05112174120595268
0.06551311240890699
0.05751790602503091
0.05687828953159107
0.053040590624756606
0.06039618027719038
0.05016231650521052
0.054639631824724755
0.055599056552395575
0.044085960201377186
0.06231502980741277
0.042486919107352895
0.06519330414588341
0.07031023643083646
0.059116947269832174
0.04568500131147757
0.0715894695275826
0.054319823583449285
0.054639631824724755
0.06807157853607414
0.05272078238668607
0.036730371302107906
0.06487349588349835
0.07031023643083646
0.054639631824724755
0.06455368762175187
0.04888308357987234
0.07126966125244018
0.039928453390373674
0.06071598853062898
0.05080193297173033
0.0731885109128506
0.04312653554303293
0.05368020710282097
0.052081165912468655
0.05080193297173033
0.06967061988628766
0.06487349588349835
0.06103579678470705
0.04792365889260963
0.05176135767632191
0.061675413294781364
0.054319823583449285
0.05272078238668607
0.06615272893686945
0.07478755231403875
0.046004809535426024
0.054319823583449285
0.06039618027719038
0.06295464632260071
0.04984250827291319
0.054959440066641004
0.05016231650521052
0.04920289181024404
0.06519330414588341
0.05751790602503091
0.05112174120595268
0.06807157853607414
0.059116947269832174
0.06039618027719038
0.0578377142727111
0.05112174120595268
0.053040590624756606
0.06359426284034467
0.05272078238668607
0.04312653554303293
0.05176135767632191
0.05687828953159107
0.05655848128583157
0.06103579678470705
0.06807157853607414
0.06487349588349835
0.055599056552395575
0.05975656377223191
0.06615272893686945
0.041207686243713994
0.06359426284034467
0.03321248107947184
0.030334207319030995
0.059116947269832174
0.06295464632260071
0.06103579678470705
0.06519330414588341
0.04440576842211145
0.0581575225210314
0.04696423421112691
0.04984250827291319
0.05080193297173033
0.05048212473814959
0.05527924830919796
0.03864922054733631
0.05527924830919796
0.04984250827291319
0.03800960412968261
0.07926486832198774
0.06071598853062898
0.06199522155077746
0.04792365889260963
0.05368020710282097
0.08406199275443582
0.03800960412968261
0.07126966125244018