0.06231502980741277
0.0731885109128506
0.10229106689771197
0.05016231650521052
0.07382812747141593
0.08853930902019043
0.08182333466818069
0.08438180105501072
0.07094985297793496
0.06519330414588341
0.09333643372842641
0.06967061988628766
0.07958467661303832
0.05847733076999172
0.1010118335575117
0.08502141765806367
0.06679234546738516
0.06327445458115322
0.08949873395044175
0.07478755231403875
0.07126966125244018
0.07222908607977883
0.07414793575165361
0.0856610342636537
0.08630065087178025
0.0731885109128506
0.06935081161496956
0.08789969240319036
0.07222908607977883
0.06679234546738516
0.09237700877538704
0.06583292067256903
0.06359426284034467
0.08182333466818069
0.06455368762175187
0.08182333466818069
0.06455368762175187
0.07190927780336219
0.06999042815824331
0.08598084256739993
0.08694026748244278
0.0815035263726835
0.08821950071137359
0.07382812747141593
0.05847733076999172
0.06455368762175187
0.08118371807782135
0.09205720045897256
0.06487349588349835
0.06871119507424632
0.08981854226179224
0.08214314296431281
0.1010118335575117
0.08022429319704572
0.0856610342636537
0.06263483806468721
0.10420991692692808
0.05591886479623375
0.0725488943568325
0.0715894695275826
0.08470160935622002
0.07190927780336219
0.07222908607977883
0.08438180105501072
0.07031023643083646
0.08246295126107983
0.07734601858903228
0.06807157853607414
0.08470160935622002
0.06007637202439133
0.06423387936064405
0.06647253720180818
0.09365624204737127
0.0994127918964558
0.05847733076999172
0.0671121537336003
0.06551311240890699
0.05975656377223191
0.0776658268762688
0.05879713901959199
0.07414793575165361
0.0671121537336003
0.0731885109128506
0.0776658268762688
0.07702621030243166
0.06519330414588341
0.09429585868715816
0.061675413294781364
0.07574697716238973
0.08662045917679456
0.08438180105501072
0.07830544345264932
0.07414793575165361
0.08502141765806367
0.08182333466818069
0.08598084256739993
0.08662045917679456
0.09333643372842641
0.05527924830919796
0.07574697716238973
0.07958467661303832
0.059436755520712155
0.053040590624756606
0.07638659373113844
0.07190927780336219
0.07638659373113844
0.06871119507424632
0.06839138680484132
0.08470160935622002
0.07031023643083646
0.06679234546738516
0.09365624204737127
0.07446774403252791
0.08022429319704572
0.10197125856171589
0.10772780870606652
0.06455368762175187
0.07670640201646703
0.049522700041257674
0.07286870263452312
0.10293068357159582
0.09141758382804191
0.08949873395044175
0.07638659373113844
0.06871119507424632
0.08342237615518952
0.08726007578872487
0.0776658268762688
0.08182333466818069
0.07830544345264932
0.05655848128583157
0.0581575225210314
0.07926486832198774
0.08789969240319036
0.07478755231403875
0.046004809535426024
0.06103579678470705
0.0856610342636537
0.07606678544644599
0.09365624204737127
0.08214314296431281
0.08022429319704572
0.07510736059618603
0.0971741335974892
0.07446774403252791
0.06519330414588341
0.05623867304071244
0.06743196200045357
0.08821950071137359
0.06775177026794486
0.07126966125244018
0.06839138680484132
0.10165145022635043
0.08470160935622002
0.09269681709243423
0.0837421844544954
0.07798563516414117
0.08726007578872487
0.0815035263726835
0.07798563516414117
0.09301662541011405
0.07126966125244018
0.08278275955848166
0.0856610342636537
0.059116947269832174
0.09237700877538704
0.08821950071137359
0.07031023643083646
0.08438180105501072
0.09013835057377596
0.06999042815824331
0.07926486832198774
0.06967061988628766
0.09813355857897199
0.07830544345264932
0.08630065087178025
0.07638659373113844
0.07798563516414117
0.08470160935622002
0.07190927780336219
0.0578377142727111
0.06103579678470705
0.07063004470406704
0.06135560503942454
0.06839138680484132
0.06231502980741277
0.07190927780336219
0.05368020710282097
0.07382812747141593
0.10037221689119634
0.06295464632260071
0.08598084256739993
0.08054410149000239
0.0735083191918149
0.0955750919743188
0.07190927780336219
0.09877317523645124
0.08182333466818069
0.07702621030243166
0.0815035263726835
0.0715894695275826
0.09685432527159152
0.0994127918964558
0.08470160935622002
0.061675413294781364
0.06391407110017495
0.07446774403252791
0.07830544345264932
0.06551311240890699
0.08342237615518952
0.05080193297173033
0.06327445458115322
0.0731885109128506
0.06487349588349835
0.07574697716238973
0.07990448490472433
0.0581575225210314
0.07894506003157269
0.08821950071137359
0.06551311240890699
0.05975656377223191
0.0725488943568325
0.09077796719964287
0.0815035263726835
0.07894506003157269
0.09877317523645124
0.07542716887896972
0.07862525174179319
0.0725488943568325
0.07926486832198774
0.07063004470406704
0.0837421844544954
0.08726007578872487
0.06807157853607414
0.06679234546738516
0.07638659373113844
0.059116947269832174
0.06103579678470705
0.08630065087178025
0.07798563516414117
0.0971741335974892
0.08853930902019043
0.07798563516414117
0.0990929835661379
0.06263483806468721
0.07190927780336219
0.06583292067256903
0.07606678544644599
0.0808639097835943
0.10772780870606652
0.10069202522403856
0.08534122596054158
0.08246295126107983
0.07286870263452312
0.08438180105501072
0.07382812747141593
0.05144154944081656
0.05975656377223191
0.0735083191918149
0.07958467661303832
0.07542716887896972
0.07926486832198774
0.0715894695275826
0.06743196200045357
0.0671121537336003
0.06839138680484132
0.05879713901959199
0.06263483806468721
0.09109777551352591
0.08662045917679456
0.07958467661303832
0.059436755520712155
0.09109777551352591
0.09301662541011405
0.06775177026794486
0.07894506003157269
0.07190927780336219
0.0856610342636537
0.08438180105501072
0.08534122596054158
0.07606678544644599
0.06327445458115322
0.08118371807782135
0.0971741335974892
0.06583292067256903
0.0671121537336003
0.07734601858903228
0.08662045917679456
0.09493547532947418
0.0725488943568325
0.09045815888639286
0.07926486832198774
0.08310256785651826
0.06295464632260071
0.06775177026794486
0.08821950071137359
0.06999042815824331
0.08981854226179224
0.06743196200045357
0.07638659373113844
0.07446774403252791
0.07958467661303832
0.06391407110017495
0.07862525174179319
0.07542716887896972
0.07862525174179319
0.09269681709243423
0.08278275955848166
0.07478755231403875
0.0808639097835943
0.07063004470406704
0.06807157853607414
0.06935081161496956
0.07063004470406704
0.08118371807782135
0.07990448490472433
0.0837421844544954
0.10389010858714962
0.09077796719964287
0.08662045917679456
0.07446774403252791
0.0581575225210314
0.05655848128583157
0.07574697716238973
0.07606678544644599
0.08662045917679456
0.10261087523433865
0.07542716887896972
0.09077796719964287
0.08949873395044175
0.0808639097835943
0.08406199275443582
0.07798563516414117
0.07286870263452312
0.08054410149000239
0.0776658268762688
0.06967061988628766
0.07638659373113844
0.07542716887896972
0.06999042815824331
0.09237700877538704
0.08214314296431281
0.07734601858903228
0.09621470862169142
0.09109777551352591
0.06775177026794486
0.07094985297793496
0.08502141765806367
0.08662045917679456
0.06007637202439133
0.08917892563972457
0.07542716887896972
0.07990448490472433
0.09141758382804191
0.08118371807782135
0.08438180105501072
0.08598084256739993
0.08789969240319036
0.08214314296431281
0.07894506003157269
0.08502141765806367
0.06423387936064405
0.07862525174179319
0.059436755520712155
0.07606678544644599
0.07958467661303832
0.09109777551352591
0.06967061988628766
0.07542716887896972
0.06295464632260071
0.05847733076999172
0.06071598853062898
0.0725488943568325
0.08342237615518952
0.07702621030243166
0.07574697716238973
0.09013835057377596
0.0731885109128506
0.09237700877538704
0.08502141765806367
0.08981854226179224
0.06967061988628766
0.07702621030243166
0.08694026748244278
0.06007637202439133
0.08534122596054158
0.07190927780336219
0.08981854226179224
0.0815035263726835
0.06231502980741277
0.08981854226179224
0.08214314296431281
0.06487349588349835
0.06359426284034467
0.059436755520712155
0.059116947269832174
0.0837421844544954
0.07510736059618603
0.08694026748244278
0.06935081161496956
0.08630065087178025
0.09813355857897199
0.07382812747141593
0.08502141765806367
0.08534122596054158
0.09237700877538704
0.10484953360837541
0.07190927780336219
0.08981854226179224
0.08406199275443582
0.0776658268762688
0.07702621030243166
0.06935081161496956
0.06935081161496956
0.06487349588349835
0.08278275955848166
0.09045815888639286
0.09685432527159152
0.07894506003157269
0.05527924830919796
0.08278275955848166
0.09333643372842641
0.07063004470406704
0.0856610342636537
0.07830544345264932
0.06423387936064405
0.055599056552395575
0.08246295126107983
0.09237700877538704
0.08182333466818069
0.0856610342636537
0.0837421844544954
0.07126966125244018
0.06647253720180818
0.08182333466818069
0.0671121537336003
0.08662045917679456
0.04920289181024404
0.07798563516414117
0.06967061988628766
0.0856610342636537
0.07574697716238973
0.07190927780336219
0.0837421844544954
0.07190927780336219
0.06775177026794486
0.06999042815824331
0.07031023643083646
0.07734601858903228
0.07990448490472433
0.05623867304071244
0.07990448490472433
0.07286870263452312
0.07702621030243166
0.09109777551352591
0.07798563516414117
0.06935081161496956
0.09109777551352591
0.07830544345264932
0.06615272893686945
0.08182333466818069
0.09269681709243423
0.08470160935622002
0.06455368762175187
0.05112174120595268
0.07798563516414117
0.08598084256739993
0.08054410149000239
0.0776658268762688
0.07190927780336219
0.07798563516414117
0.08342237615518952
0.0581575225210314
0.08598084256739993
0.09333643372842641
0.07638659373113844
0.07830544345264932
0.09109777551352591
0.07190927780336219
0.09301662541011405
0.08438180105501072
0.09013835057377596
0.08118371807782135
0.06999042815824331
0.09653451694632556
0.09205720045897256
0.06647253720180818
0.0815035263726835
0.054000015342814664
0.07382812747141593
0.09013835057377596
0.06487349588349835
0.06359426284034467
0.06871119507424632
0.08821950071137359
0.08853930902019043
0.07574697716238973
0.08214314296431281
0.06999042815824331
0.07990448490472433
0.08246295126107983
0.08502141765806367
0.06935081161496956
0.08278275955848166
0.08182333466818069
0.06487349588349835
0.07382812747141593
0.07510736059618603
0.08598084256739993
0.07926486832198774
0.08246295126107983
0.09493547532947418
0.07510736059618603
0.06551311240890699
0.06199522155077746
0.0815035263726835
0.07574697716238973
0.0955750919743188
0.10165145022635043
0.06807157853607414
0.08438180105501072
0.06519330414588341
0.08917892563972457
0.08853930902019043
0.09173739214319081
0.0731885109128506
0.07222908607977883
0.07926486832198774
0.07382812747141593
0.0815035263726835
0.07574697716238973
0.07862525174179319
0.08054410149000239
0.06327445458115322
0.06775177026794486
0.06103579678470705
0.06999042815824331
0.08630065087178025
0.07031023643083646
0.06935081161496956
0.0955750919743188
0.0690310033442891
0.08214314296431281
0.0776658268762688
0.0578377142727111
0.09685432527159152
0.09685432527159152
0.07958467661303832
0.0690310033442891
0.06999042815824331
0.05336039886346826
0.09205720045897256
0.07734601858903228
0.07094985297793496
0.08406199275443582
0.06231502980741277
0.07798563516414117
0.09429585868715816
0.054000015342814664
0.0776658268762688
0.049522700041257674
0.08406199275443582
0.06423387936064405
0.0715894695275826
0.06999042815824331
0.08757988409564076
0.07926486832198774
0.08118371807782135
0.059116947269832174
0.0815035263726835
0.07958467661303832
0.08757988409564076
0.09589490029768913
0.06967061988628766
0.08885911732964077
0.06967061988628766
0.07606678544644599
0.07958467661303832
0.0990929835661379
0.07862525174179319
0.0776658268762688
0.0671121537336003
0.0731885109128506
0.0671121537336003
0.06807157853607414
0.06455368762175187
0.08662045917679456
0.08949873395044175
0.07222908607977883
0.08757988409564076
0.055599056552395575
0.0725488943568325
0.08470160935622002
0.10293068357159582
0.0725488943568325
0.0735083191918149
0.0731885109128506
0.07958467661303832
0.09685432527159152
0.054319823583449285
0.06999042815824331
0.07478755231403875
0.09077796719964287
0.0690310033442891
0.08214314296431281
0.08438180105501072
0.052081165912468655
0.08278275955848166
0.08598084256739993
0.09749394192401857
0.08598084256739993
0.07894506003157269
0.09045815888639286
0.06359426284034467
0.07734601858903228
0.06135560503942454
0.0715894695275826
0.09013835057377596
0.06487349588349835
0.09045815888639286
0.08214314296431281
0.05687828953159107
0.07446774403252791
0.10197125856171589
0.07830544345264932
0.06967061988628766
0.05751790602503091
0.09621470862169142
0.08789969240319036
0.07414793575165361
0.07926486832198774
0.0731885109128506
0.07126966125244018
0.06967061988628766
0.07542716887896972
0.07702621030243166
0.05623867304071244
0.08022429319704572
0.06775177026794486
0.07958467661303832
0.07926486832198774
0.06231502980741277
0.0731885109128506
0.08342237615518952
0.07031023643083646
0.054959440066641004
0.07510736059618603
0.08342237615518952
0.0715894695275826
0.0808639097835943
0.08310256785651826
0.08630065087178025
0.07702621030243166
0.05336039886346826
0.07574697716238973
0.08949873395044175
0.07382812747141593
0.06519330414588341
0.09493547532947418
0.07190927780336219
0.06679234546738516
0.08118371807782135
0.08662045917679456
0.08246295126107983
0.07638659373113844
0.06871119507424632
0.0715894695275826
0.07126966125244018
0.0725488943568325
0.0815035263726835
0.07126966125244018
0.07126966125244018
0.07574697716238973
0.05112174120595268
0.08214314296431281
0.0735083191918149
0.0815035263726835
0.07478755231403875
0.07286870263452312
0.0776658268762688
0.07990448490472433
0.06231502980741277
0.08406199275443582
0.0725488943568325
0.09973260022740488
0.07414793575165361
0.07478755231403875
0.07574697716238973
0.08502141765806367
0.07542716887896972
0.08022429319704572
0.06295464632260071
0.08694026748244278
0.07094985297793496
0.07894506003157269
0.08214314296431281
0.08885911732964077
0.06391407110017495
0.09333643372842641
0.06615272893686945
0.07446774403252791
0.0690310033442891
0.06103579678470705
0.10325049190948342
0.09653451694632556
0.07478755231403875
0.06679234546738516
0.054959440066641004
0.08726007578872487
0.08214314296431281
0.08534122596054158
0.09749394192401857
0.06039618027719038
0.07958467661303832
0.07414793575165361
0.07894506003157269
0.08885911732964077
0.08853930902019043
0.0715894695275826
0.06999042815824331
0.07094985297793496
0.08278275955848166
0.08118371807782135
0.08054410149000239
0.09653451694632556
0.0808639097835943
0.06263483806468721
0.06839138680484132
0.05847733076999172
0.0735083191918149
0.0776658268762688
0.07574697716238973
0.08917892563972457
0.0815035263726835
0.05719809777799087
0.07190927780336219
0.07542716887896972
0.0815035263726835
0.08757988409564076
0.07734601858903228
0.0837421844544954
0.07126966125244018
0.08821950071137359
0.09333643372842641
0.0776658268762688
0.10229106689771197
0.07031023643083646
0.07958467661303832
0.08182333466818069
0.05975656377223191
0.0578377142727111
0.07094985297793496
0.07670640201646703
0.08278275955848166
0.10708819201328315
0.08470160935622002
0.06135560503942454
0.10197125856171589
0.10293068357159582
0.06839138680484132
0.08246295126107983
0.08726007578872487
0.07446774403252791
0.08278275955848166
0.06999042815824331
0.0735083191918149
0.08118371807782135
0.0971741335974892
0.08118371807782135
0.10293068357159582
0.09685432527159152
0.08885911732964077
0.07542716887896972
0.08406199275443582
0.08949873395044175
0.0808639097835943
0.0837421844544954
0.07478755231403875
0.09493547532947418
0.0837421844544954
0.0808639097835943
0.09429585868715816
0.0715894695275826
0.08502141765806367
0.09461566700800006
0.09013835057377596
0.07702621030243166
0.09205720045897256
0.0776658268762688
0.0671121537336003
0.07894506003157269
0.06743196200045357
0.07478755231403875
0.06967061988628766
0.07286870263452312
0.08182333466818069
0.07286870263452312
0.07830544345264932
0.0715894695275826
0.08054410149000239
0.10165145022635043
0.09525528365158045
0.08022429319704572
0.0725488943568325
0.09045815888639286
0.07894506003157269
0.08214314296431281
0.10197125856171589
0.05975656377223191
0.08949873395044175
0.06583292067256903
0.05048212473814959
0.09845336690739594
0.07478755231403875
0.08789969240319036
0.07190927780336219
0.08726007578872487
0.10069202522403856
0.07638659373113844
0.0776658268762688
0.08694026748244278
0.06967061988628766
0.05751790602503091
0.0815035263726835
0.06999042815824331
0.0837421844544954
0.09269681709243423
0.08534122596054158
0.06231502980741277
0.0731885109128506
0.08534122596054158
0.08981854226179224
0.08406199275443582
0.07798563516414117
0.07446774403252791
0.043766151981285965
0.09621470862169142
0.06551311240890699
0.07382812747141593
0.07926486832198774
0.0815035263726835
0.0856610342636537
0.06871119507424632
0.10900704209918557
0.09109777551352591
0.07894506003157269
0.07606678544644599
0.0735083191918149
0.05975656377223191
0.07702621030243166
0.07702621030243166
0.09045815888639286
0.08694026748244278
0.07830544345264932
0.07670640201646703
0.0725488943568325
0.09429585868715816
0.061675413294781364
0.06999042815824331
0.09589490029768913
0.0856610342636537
0.0815035263726835
0.0808639097835943
0.0731885109128506
0.08917892563972457
0.0955750919743188
0.07574697716238973
0.08662045917679456
0.08022429319704572
0.07670640201646703
0.0731885109128506
0.09621470862169142
0.07094985297793496
0.06615272893686945
0.07190927780336219
0.07734601858903228
0.08214314296431281
0.09173739214319081
0.07222908607977883
0.07190927780336219
0.07414793575165361
0.07542716887896972
0.08853930902019043
0.06679234546738516
0.07414793575165361
0.07830544345264932
0.08310256785651826
0.05112174120595268
0.09301662541011405
0.07830544345264932
0.08470160935622002
0.06327445458115322
0.08885911732964077
0.07958467661303832
0.07542716887896972
0.06391407110017495
0.06967061988628766
0.08949873395044175
0.06231502980741277
0.06423387936064405
0.08310256785651826
0.0808639097835943
0.07798563516414117
0.0808639097835943
0.08917892563972457
0.07286870263452312
0.07830544345264932
0.06039618027719038
0.07446774403252791
0.07446774403252791
0.06775177026794486
0.08054410149000239
0.08310256785651826
0.07382812747141593
0.08310256785651826
0.07830544345264932
0.08022429319704572
0.07031023643083646
0.07126966125244018
0.08182333466818069
0.07670640201646703
0.07190927780336219
0.07574697716238973
0.08246295126107983
0.07382812747141593
0.07542716887896972
0.0715894695275826
0.08182333466818069
0.07670640201646703
0.07382812747141593
0.0990929835661379
0.06647253720180818
0.08278275955848166
0.0776658268762688
0.06263483806468721
0.08118371807782135
0.06999042815824331
0.06999042815824331
0.08054410149000239
0.09653451694632556
0.10612876697882981
0.059116947269832174
0.07286870263452312
0.08694026748244278
0.06967061988628766
0.08630065087178025
0.09173739214319081
0.08821950071137359
0.08310256785651826
0.0837421844544954
0.11028627550237065
0.0715894695275826
0.08789969240319036
0.05016231650521052
0.08022429319704572
0.08118371807782135
0.0725488943568325
0.0955750919743188
0.08630065087178025
0.0581575225210314
0.07510736059618603
0.06935081161496956
0.06551311240890699
0.0808639097835943
0.07830544345264932
0.06999042815824331
0.08885911732964077
0.07542716887896972
0.07670640201646703
0.07958467661303832
0.08022429319704572
0.08214314296431281
0.09269681709243423
0.07830544345264932
0.10069202522403856
0.09269681709243423
0.07990448490472433
0.08214314296431281
0.06263483806468721
0.08022429319704572
0.09237700877538704
0.07126966125244018
0.08406199275443582
0.08054410149000239
0.06999042815824331
0.09877317523645124
0.06935081161496956
0.07702621030243166
0.08310256785651826
0.07574697716238973
0.0690310033442891
0.05368020710282097
0.09749394192401857
0.09461566700800006
0.06775177026794486
0.09205720045897256
0.06615272893686945
0.09493547532947418
0.0837421844544954
0.06935081161496956
0.07574697716238973
0.07926486832198774
0.07926486832198774
0.08470160935622002
0.06647253720180818
0.09333643372842641
0.06519330414588341
0.06839138680484132
0.08630065087178025
0.05975656377223191
0.08118371807782135
0.08821950071137359
0.06647253720180818
0.06359426284034467
0.08470160935622002
0.09589490029768913
0.054639631824724755
0.0776658268762688
0.06647253720180818
0.07830544345264932
0.06615272893686945
0.07063004470406704
0.09365624204737127
0.07478755231403875
0.07830544345264932
0.06999042815824331
0.0671121537336003
0.07638659373113844
0.0715894695275826
0.0715894695275826
0.059116947269832174
0.06839138680484132
0.07574697716238973
0.04888308357987234
0.06391407110017495
0.0815035263726835
0.07190927780336219
0.09621470862169142
0.09301662541011405
0.06039618027719038
0.07574697716238973
0.0815035263726835
0.08246295126107983
0.08789969240319036
0.08757988409564076
0.06999042815824331
0.08214314296431281
0.07574697716238973
0.07094985297793496
0.07894506003157269
0.06775177026794486
0.08949873395044175
0.08789969240319036
0.06455368762175187
0.05879713901959199
0.09781375025117951
0.0715894695275826
0.07990448490472433
0.09621470862169142
0.08726007578872487
0.08278275955848166
0.08438180105501072
0.07478755231403875
0.10005240855898508
0.08054410149000239
0.08182333466818069
0.07126966125244018
0.09365624204737127
0.07542716887896972
0.09077796719964287
0.06359426284034467
0.08278275955848166
0.09685432527159152
0.10452972526733671
0.07862525174179319
0.07894506003157269
0.07638659373113844
0.10165145022635043
0.06295464632260071
0.06615272893686945
0.07606678544644599
0.0994127918964558
0.07926486832198774
0.0725488943568325
0.06551311240890699
0.06999042815824331
0.0808639097835943
0.07510736059618603
0.09621470862169142
0.09045815888639286
0.09141758382804191
0.0671121537336003
0.07926486832198774
0.08182333466818069
0.059436755520712155
0.07190927780336219
0.06071598853062898
0.06583292067256903
0.059436755520712155
0.0776658268762688
0.07670640201646703
0.08054410149000239
0.07734601858903228
0.07542716887896972
0.08598084256739993
0.08981854226179224
0.08598084256739993
0.06327445458115322
0.07990448490472433
0.07702621030243166
0.054639631824724755
0.06839138680484132
0.09077796719964287
0.08406199275443582
0.08438180105501072
0.08662045917679456
0.08694026748244278
0.07510736059618603
0.06519330414588341
0.08246295126107983
0.07734601858903228
0.10868723374996195
0.06455368762175187
0.08310256785651826
0.07031023643083646
0.09013835057377596
0.07702621030243166
0.0856610342636537
0.07126966125244018
0.08534122596054158
0.061675413294781364
0.08342237615518952
0.06679234546738516
0.08182333466818069
0.05591886479623375
0.07894506003157269
0.06103579678470705
0.09045815888639286
0.07414793575165361
0.09461566700800006
0.07478755231403875
0.07031023643083646
0.06807157853607414
0.08278275955848166
0.08726007578872487
0.08022429319704572
0.06551311240890699
0.09621470862169142
0.07830544345264932
0.09493547532947418
0.09109777551352591
0.08598084256739993
0.06615272893686945
0.0735083191918149
0.09205720045897256
0.05879713901959199
0.04792365889260963
0.07414793575165361
0.08310256785651826
0.061675413294781364
0.08182333466818069
0.06263483806468721
0.06839138680484132
0.08821950071137359
0.07510736059618603
0.08949873395044175
0.05368020710282097
0.0837421844544954
0.0731885109128506
0.0578377142727111
0.0690310033442891
0.07958467661303832
0.0955750919743188
0.07190927780336219
0.08502141765806367
0.08022429319704572
0.06967061988628766
0.07606678544644599
0.08502141765806367
0.08278275955848166
0.07286870263452312
0.08470160935622002
0.08214314296431281
0.08662045917679456
0.07862525174179319
0.07190927780336219
0.07798563516414117
0.0856610342636537
0.06807157853607414
0.06743196200045357
0.0776658268762688
0.09269681709243423
0.08310256785651826
0.05687828953159107
0.09301662541011405
0.09397605036694855
0.06839138680484132
0.08406199275443582
0.0955750919743188
0.0808639097835943
0.09141758382804191
0.06679234546738516
0.07670640201646703
0.07670640201646703
0.08726007578872487
0.08534122596054158
0.06935081161496956
0.06135560503942454
0.08757988409564076
0.08054410149000239
0.08278275955848166
0.06743196200045357
0.0856610342636537
0.07702621030243166
0.07031023643083646
0.07094985297793496
0.07446774403252791
0.08630065087178025
0.06487349588349835
0.08118371807782135
0.08246295126107983
0.07542716887896972
0.0815035263726835
0.0776658268762688
0.09077796719964287
0.0856610342636537
0.06551311240890699
0.10005240855898508
0.08534122596054158
0.08182333466818069
0.07126966125244018
0.0731885109128506
0.0735083191918149
0.06775177026794486
0.08630065087178025
0.09845336690739594
0.09493547532947418
0.08917892563972457
0.08726007578872487
0.0735083191918149
0.06455368762175187
0.11124570056136265
0.06839138680484132
0.06071598853062898
0.09109777551352591
0.06007637202439133
0.08534122596054158
0.09685432527159152
0.08630065087178025
0.06647253720180818
0.059436755520712155
0.08054410149000239
0.09621470862169142
0.06583292067256903
0.06231502980741277
0.07702621030243166
0.07126966125244018
0.06103579678470705
0.0715894695275826
0.09045815888639286
0.09813355857897199
0.09109777551352591
0.0671121537336003
0.08949873395044175
0.06647253720180818
0.05879713901959199
0.06999042815824331
0.08630065087178025
0.06775177026794486
0.06423387936064405
0.09205720045897256
0.06359426284034467
0.09365624204737127
0.09045815888639286
0.0671121537336003
0.07031023643083646
0.07670640201646703
0.07063004470406704
0.0856610342636537
0.07222908607977883
0.0715894695275826
0.07031023643083646
0.09045815888639286
0.06807157853607414
0.06551311240890699
0.07702621030243166
0.07542716887896972
0.08853930902019043
0.0776658268762688
0.07990448490472433
0.06007637202439133
0.07702621030243166
0.1010118335575117
0.09845336690739594
0.08438180105501072
0.07222908607977883
0.06583292067256903
0.07862525174179319
0.07702621030243166
0.08534122596054158
0.06679234546738516
0.08821950071137359
0.10133164189161568
0.06647253720180818
0.09013835057377596
0.07990448490472433
0.08406199275443582
0.08534122596054158
0.054639631824724755
0.06327445458115322
0.08757988409564076
0.09237700877538704
0.05080193297173033
0.06423387936064405
0.052081165912468655
0.06647253720180818
0.08246295126107983
0.06199522155077746
0.07734601858903228
0.08757988409564076
0.0690310033442891
0.052400974149256735
0.08310256785651826
0.07574697716238973
0.054000015342814664
0.08917892563972457
0.08949873395044175
0.07382812747141593
0.07574697716238973
0.06743196200045357
0.05591886479623375
0.06807157853607414
0.07734601858903228
0.10580895863527143
0.07126966125244018
0.07190927780336219
0.08438180105501072
0.08182333466818069
0.07063004470406704
0.08406199275443582
0.09045815888639286
0.05655848128583157
0.10005240855898508
0.08406199275443582
0.07830544345264932
0.06263483806468721
0.06039618027719038
0.0971741335974892
0.07798563516414117
0.06999042815824331
0.08630065087178025
0.0715894695275826
0.05975656377223191
0.07734601858903228
0.08438180105501072
0.06647253720180818
0.08118371807782135
0.08534122596054158
0.10293068357159582
0.0815035263726835
0.06679234546738516
0.07031023643083646
0.08662045917679456
0.10357030024800136
0.10165145022635043
0.09877317523645124
0.06999042815824331
0.07542716887896972
0.08981854226179224
0.07606678544644599
0.07702621030243166
0.0837421844544954
0.07606678544644599
0.08949873395044175
0.08310256785651826
0.08598084256739993
0.05719809777799087
0.07094985297793496
0.06423387936064405
0.06071598853062898
0.0776658268762688
0.06999042815824331
0.0856610342636537
0.0808639097835943
0.08438180105501072
0.08246295126107983
0.059436755520712155
0.07894506003157269
0.08662045917679456
0.09525528365158045
0.06551311240890699
0.08022429319704572
0.07574697716238973
0.07894506003157269
0.08054410149000239
0.09301662541011405
0.0715894695275826
0.08278275955848166
0.06551311240890699
0.08694026748244278
0.0776658268762688
0.07926486832198774
0.07126966125244018
0.08438180105501072
0.0715894695275826
0.07286870263452312
0.06967061988628766
0.05975656377223191
0.0808639097835943
0.05272078238668607
0.08598084256739993
0.09109777551352591
0.08022429319704572
0.06071598853062898
0.08789969240319036
0.06999042815824331
0.06807157853607414
0.09749394192401857
0.07126966125244018
0.04856327535014267
0.08789969240319036
0.09461566700800006
0.07798563516414117
0.08885911732964077
0.07063004470406704
0.09301662541011405
0.06007637202439133
0.08534122596054158
0.0725488943568325
0.09781375025117951
0.06519330414588341
0.07830544345264932
0.07670640201646703
0.07574697716238973
0.09429585868715816
0.08278275955848166
0.07990448490472433
0.06807157853607414
0.0715894695275826
0.07830544345264932
0.07574697716238973
0.06775177026794486
0.08885911732964077
0.0955750919743188
0.06519330414588341
0.08022429319704572
0.08310256785651826
0.07862525174179319
0.06743196200045357
0.07382812747141593
0.061675413294781364
0.06551311240890699
0.09173739214319081
0.07190927780336219
0.07382812747141593
0.09237700877538704
0.07702621030243166
0.08310256785651826
0.07190927780336219
0.06999042815824331
0.07063004470406704
0.08054410149000239
0.06999042815824331
0.0690310033442891
0.07286870263452312
0.06487349588349835
0.06935081161496956
0.07222908607977883
0.08470160935622002
0.0856610342636537
0.07190927780336219
0.0815035263726835
0.08118371807782135
0.061675413294781364
0.08917892563972457
0.054000015342814664
0.04536519308817182
0.08182333466818069
0.08214314296431281
0.08310256785651826
0.08821950071137359
0.0581575225210314
0.07734601858903228
0.06295464632260071
0.06359426284034467
0.06999042815824331
0.06743196200045357
0.07222908607977883
0.05975656377223191
0.07190927780336219
0.06615272893686945
0.04856327535014267
0.10325049190948342
0.07542716887896972
0.07510736059618603
0.06103579678470705
0.06583292067256903
0.10580895863527143
0.05144154944081656
0.09141758382804191