0.025856892684590446
0.02905497455340564
0.037369987714606284
0.02169938635186011
0.0316134400949922
0.03385209747778179
0.032253056486847384
0.02745593361091544
0.02457765995517516
0.025217276318588628
0.04056806981575624
0.029374782743842753
0.02745593361091544
0.022339002703619208
0.03960864517864826
0.031293631900033154
0.025856892684590446
0.026496509053180073
0.03545113848484713
0.03257286468374338
0.03193324829059697
0.027775741798120538
0.032253056486847384
0.028415358174470287
0.03193324829059697
0.02969459093492606
0.028095549985972176
0.02969459093492606
0.02745593361091544
0.02457765995517516
0.03896902875712951
0.025217276318588628
0.027136125424356953
0.02969459093492606
0.024897468136558316
0.03193324829059697
0.025217276318588628
0.027136125424356953
0.03097382370571989
0.02969459093492606
0.035770946688195145
0.0316134400949922
0.03641056309682561
0.03193324829059697
0.024257851774439225
0.027136125424356953
0.02969459093492606
0.03768979592182224
0.025856892684590446
0.02905497455340564
0.03800960412968261
0.034811522080085824
0.03832941233818732
0.02905497455340564
0.031293631900033154
0.023618235414909317
0.0415274944586584
0.02201919452741577
0.025537084501266027
0.027775741798120538
0.03800960412968261
0.03289267288128489
0.025537084501266027
0.03513133028214399
0.030654015512052477
0.031293631900033154
0.03193324829059697
0.02905497455340564
0.04056806981575624
0.02329842723611547
0.02905497455340564
0.02745593361091544
0.03864922054733631
0.03832941233818732
0.022658810880470347
0.0287351663636148
0.027136125424356953
0.02105977000269238
0.02905497455340564
0.025856892684590446
0.028095549985972176
0.028095549985972176
0.028095549985972176
0.029374782743842753
0.03097382370571989
0.02745593361091544
0.04280672732487125
0.025856892684590446
0.028095549985972176
0.03449171387867269
0.03385209747778179
0.03289267288128489
0.03193324829059697
0.030334207319030995
0.03545113848484713
0.032253056486847384
0.03385209747778179
0.035770946688195145
0.020100345483800804
0.028095549985972176
0.03385209747778179
0.02137957817695229
0.02137957817695229
0.028095549985972176
0.027136125424356953
0.02905497455340564
0.027136125424356953
0.030334207319030995
0.03321248107947184
0.030654015512052477
0.028415358174470287
0.04024826160274303
0.03097382370571989
0.03417190567790465
0.036090754892188
0.04472557664348869
0.025856892684590446
0.032253056486847384
0.020100345483800804
0.02905497455340564
0.03257286468374338
0.034811522080085824
0.03545113848484713
0.034811522080085824
0.02681631723844514
0.02905497455340564
0.03385209747778179
0.030654015512052477
0.03097382370571989
0.03545113848484713
0.025537084501266027
0.026496509053180073
0.032253056486847384
0.03449171387867269
0.027136125424356953
0.020100345483800804
0.028095549985972176
0.036090754892188
0.030334207319030995
0.03832941233818732
0.03417190567790465
0.02745593361091544
0.028095549985972176
0.042486919107352895
0.024257851774439225
0.026176700868561817
0.02457765995517516
0.022978619057969125
0.03545113848484713
0.030334207319030995
0.025856892684590446
0.030014399126655496
0.042486919107352895
0.036730371302107906
0.031293631900033154
0.034811522080085824
0.02969459093492606
0.03257286468374338
0.03417190567790465
0.03449171387867269
0.03417190567790465
0.02969459093492606
0.03097382370571989
0.03705017950803482
0.026176700868561817
0.037369987714606284
0.03417190567790465
0.02969459093492606
0.0316134400949922
0.03097382370571989
0.030654015512052477
0.03289267288128489
0.030654015512052477
0.03768979592182224
0.03193324829059697
0.03257286468374338
0.03513133028214399
0.032253056486847384
0.03193324829059697
0.027136125424356953
0.024897468136558316
0.026496509053180073
0.028415358174470287
0.023618235414909317
0.02969459093492606
0.024257851774439225
0.030654015512052477
0.022978619057969125
0.028415358174470287
0.036730371302107906
0.02329842723611547
0.037369987714606284
0.0287351663636148
0.03097382370571989
0.03896902875712951
0.030334207319030995
0.03257286468374338
0.03289267288128489
0.03257286468374338
0.030654015512052477
0.02969459093492606
0.0418473026742464
0.0418473026742464
0.03960864517864826
0.025217276318588628
0.02681631723844514
0.0316134400949922
0.02905497455340564
0.02969459093492606
0.03385209747778179
0.018181496463520484
0.02457765995517516
0.02905497455340564
0.02905497455340564
0.027775741798120538
0.02969459093492606
0.02169938635186011
0.029374782743842753
0.03960864517864826
0.02457765995517516
0.025856892684590446
0.027775741798120538
0.041207686243713994
0.03641056309682561
0.027136125424356953
0.04568500131147757
0.03353228927830416
0.03545113848484713
0.02905497455340564
0.026496509053180073
0.03097382370571989
0.03097382370571989
0.03353228927830416
0.025217276318588628
0.023618235414909317
0.030654015512052477
0.02201919452741577
0.024257851774439225
0.03193324829059697
0.028095549985972176
0.03513133028214399
0.034811522080085824
0.030334207319030995
0.041207686243713994
0.023618235414909317
0.02905497455340564
0.025217276318588628
0.03353228927830416
0.0287351663636148
0.042167110890477914
0.03768979592182224
0.03832941233818732
0.029374782743842753
0.028415358174470287
0.03417190567790465
0.02681631723844514
0.022658810880470347
0.02329842723611547
0.02745593361091544
0.03257286468374338
0.03321248107947184
0.030334207319030995
0.02745593361091544
0.027136125424356953
0.030334207319030995
0.02745593361091544
0.02329842723611547
0.029374782743842753
0.03832941233818732
0.030654015512052477
0.03257286468374338
0.022658810880470347
0.036730371302107906
0.039288836967566854
0.032253056486847384
0.027136125424356953
0.030014399126655496
0.03193324829059697
0.030334207319030995
0.028415358174470287
0.028095549985972176
0.024897468136558316
0.02969459093492606
0.04056806981575624
0.02745593361091544
0.025217276318588628
0.029374782743842753
0.03385209747778179
0.0415274944586584
0.028415358174470287
0.03193324829059697
0.03193324829059697
0.034811522080085824
0.02201919452741577
0.0287351663636148
0.034811522080085824
0.030334207319030995
0.03705017950803482
0.02969459093492606
0.03353228927830416
0.03257286468374338
0.03257286468374338
0.02745593361091544
0.02905497455340564
0.032253056486847384
0.03705017950803482
0.03960864517864826
0.03768979592182224
0.030014399126655496
0.034811522080085824
0.03193324829059697
0.027136125424356953
0.0287351663636148
0.027136125424356953
0.03385209747778179
0.03385209747778179
0.03417190567790465
0.04056806981575624
0.03449171387867269
0.037369987714606284
0.0316134400949922
0.025537084501266027
0.01978053731213322
0.029374782743842753
0.0316134400949922
0.031293631900033154
0.042486919107352895
0.029374782743842753
0.036730371302107906
0.03289267288128489
0.03545113848484713
0.03289267288128489
0.03449171387867269
0.03193324829059697
0.03289267288128489
0.03193324829059697
0.030014399126655496
0.027136125424356953
0.029374782743842753
0.0316134400949922
0.0415274944586584
0.034811522080085824
0.028095549985972176
0.03768979592182224
0.03545113848484713
0.029374782743842753
0.02745593361091544
0.02969459093492606
0.03385209747778179
0.026176700868561817
0.037369987714606284
0.03289267288128489
0.03353228927830416
0.03545113848484713
0.034811522080085824
0.03545113848484713
0.036090754892188
0.036730371302107906
0.030014399126655496
0.03449171387867269
0.03449171387867269
0.026176700868561817
0.030014399126655496
0.022658810880470347
0.03289267288128489
0.034811522080085824
0.03768979592182224
0.031293631900033154
0.030654015512052477
0.028095549985972176
0.024257851774439225
0.025537084501266027
0.03097382370571989
0.03449171387867269
0.03449171387867269
0.028415358174470287
0.03768979592182224
0.03385209747778179
0.03800960412968261
0.03449171387867269
0.03097382370571989
0.028095549985972176
0.031293631900033154
0.03289267288128489
0.0287351663636148
0.036730371302107906
0.023618235414909317
0.036730371302107906
0.030654015512052477
0.026176700868561817
0.036090754892188
0.03353228927830416
0.025217276318588628
0.024257851774439225
0.026496509053180073
0.025217276318588628
0.03193324829059697
0.032253056486847384
0.03385209747778179
0.030014399126655496
0.029374782743842753
0.03864922054733631
0.028415358174470287
0.03545113848484713
0.03097382370571989
0.037369987714606284
0.03864922054733631
0.03353228927830416
0.03545113848484713
0.031293631900033154
0.030334207319030995
0.03321248107947184
0.027775741798120538
0.022978619057969125
0.028095549985972176
0.037369987714606284
0.03385209747778179
0.03896902875712951
0.03353228927830416
0.022339002703619208
0.03513133028214399
0.03705017950803482
0.030334207319030995
0.03545113848484713
0.03097382370571989
0.022658810880470347
0.02393804359435059
0.03385209747778179
0.03705017950803482
0.03545113848484713
0.03257286468374338
0.03321248107947184
0.03097382370571989
0.027775741798120538
0.039928453390373674
0.026176700868561817
0.03353228927830416
0.022658810880470347
0.03321248107947184
0.030334207319030995
0.04024826160274303
0.03321248107947184
0.027775741798120538
0.032253056486847384
0.026496509053180073
0.029374782743842753
0.030654015512052477
0.02969459093492606
0.027775741798120538
0.03513133028214399
0.025537084501266027
0.032253056486847384
0.03289267288128489
0.030014399126655496
0.036730371302107906
0.03289267288128489
0.03097382370571989
0.03960864517864826
0.036090754892188
0.025856892684590446
0.03193324829059697
0.03449171387867269
0.03321248107947184
0.028415358174470287
0.01946072914111389
0.03353228927830416
0.030014399126655496
0.0316134400949922
0.030654015512052477
0.0316134400949922
0.03449171387867269
0.03257286468374338
0.02329842723611547
0.03449171387867269
0.03417190567790465
0.03097382370571989
0.03545113848484713
0.03353228927830416
0.030014399126655496
0.03641056309682561
0.03705017950803482
0.03545113848484713
0.03353228927830416
0.027136125424356953
0.04312653554303293
0.036730371302107906
0.028415358174470287
0.029374782743842753
0.024257851774439225
0.0316134400949922
0.03896902875712951
0.028415358174470287
0.02169938635186011
0.029374782743842753
0.03800960412968261
0.036090754892188
0.03289267288128489
0.03097382370571989
0.032253056486847384
0.03097382370571989
0.0316134400949922
0.03545113848484713
0.030654015512052477
0.03353228927830416
0.03385209747778179
0.0316134400949922
0.030654015512052477
0.032253056486847384
0.03417190567790465
0.027775741798120538
0.03513133028214399
0.03353228927830416
0.027775741798120538
0.025856892684590446
0.025856892684590446
0.029374782743842753
0.03289267288128489
0.036730371302107906
0.03864922054733631
0.025217276318588628
0.03097382370571989
0.01946072914111389
0.034811522080085824
0.030014399126655496
0.037369987714606284
0.028095549985972176
0.02457765995517516
0.027136125424356953
0.03321248107947184
0.03353228927830416
0.03449171387867269
0.031293631900033154
0.0316134400949922
0.02745593361091544
0.027775741798120538
0.024257851774439225
0.029374782743842753
0.03353228927830416
0.0287351663636148
0.025217276318588628
0.035770946688195145
0.02969459093492606
0.03289267288128489
0.0287351663636148
0.022339002703619208
0.039288836967566854
0.03641056309682561
0.026496509053180073
0.027775741798120538
0.030334207319030995
0.02169938635186011
0.03545113848484713
0.0316134400949922
0.029374782743842753
0.03449171387867269
0.02393804359435059
0.03097382370571989
0.03513133028214399
0.02457765995517516
0.030654015512052477
0.01946072914111389
0.03193324829059697
0.020739961829080448
0.026496509053180073
0.029374782743842753
0.03513133028214399
0.0316134400949922
0.03321248107947184
0.024257851774439225
0.03641056309682561
0.03097382370571989
0.03193324829059697
0.03832941233818732
0.02681631723844514
0.02969459093492606
0.030654015512052477
0.03097382370571989
0.0316134400949922
0.03960864517864826
0.030654015512052477
0.03321248107947184
0.027136125424356953
0.03193324829059697
0.024257851774439225
0.02457765995517516
0.02681631723844514
0.03385209747778179
0.03545113848484713
0.027136125424356953
0.02969459093492606
0.022339002703619208
0.025537084501266027
0.032253056486847384
0.043766151981285965
0.031293631900033154
0.026176700868561817
0.030334207319030995
0.03449171387867269
0.04024826160274303
0.022658810880470347
0.02681631723844514
0.03321248107947184
0.031293631900033154
0.025856892684590446
0.03193324829059697
0.03289267288128489
0.020100345483800804
0.030654015512052477
0.03768979592182224
0.04056806981575624
0.03545113848484713
0.03257286468374338
0.03864922054733631
0.025856892684590446
0.03289267288128489
0.026496509053180073
0.027136125424356953
0.037369987714606284
0.02457765995517516
0.030334207319030995
0.03417190567790465
0.025217276318588628
0.0316134400949922
0.03960864517864826
0.03193324829059697
0.032253056486847384
0.030014399126655496
0.03705017950803482
0.037369987714606284
0.02969459093492606
0.03097382370571989
0.028095549985972176
0.025217276318588628
0.027775741798120538
0.028415358174470287
0.028095549985972176
0.027136125424356953
0.03513133028214399
0.027136125424356953
0.02745593361091544
0.0316134400949922
0.025856892684590446
0.027136125424356953
0.036730371302107906
0.02969459093492606
0.022658810880470347
0.0287351663636148
0.036090754892188
0.030014399126655496
0.03513133028214399
0.03289267288128489
0.03385209747778179
0.035770946688195145
0.02137957817695229
0.03321248107947184
0.03321248107947184
0.028415358174470287
0.026176700868561817
0.03960864517864826
0.03193324829059697
0.025537084501266027
0.030654015512052477
0.03417190567790465
0.03449171387867269
0.03321248107947184
0.027136125424356953
0.030334207319030995
0.02905497455340564
0.028415358174470287
0.03257286468374338
0.027136125424356953
0.02457765995517516
0.028415358174470287
0.022658810880470347
0.032253056486847384
0.028095549985972176
0.03385209747778179
0.031293631900033154
0.025537084501266027
0.03257286468374338
0.028095549985972176
0.02457765995517516
0.03097382370571989
0.025537084501266027
0.037369987714606284
0.026496509053180073
0.030654015512052477
0.030654015512052477
0.03257286468374338
0.032253056486847384
0.031293631900033154
0.023618235414909317
0.03768979592182224
0.0287351663636148
0.030014399126655496
0.03449171387867269
0.02905497455340564
0.026496509053180073
0.035770946688195145
0.028095549985972176
0.031293631900033154
0.027136125424356953
0.026176700868561817
0.039288836967566854
0.03705017950803482
0.0316134400949922
0.022978619057969125
0.02393804359435059
0.03353228927830416
0.03641056309682561
0.03289267288128489
0.03321248107947184
0.025537084501266027
0.03353228927830416
0.027136125424356953
0.0316134400949922
0.03417190567790465
0.032253056486847384
0.029374782743842753
0.027136125424356953
0.02329842723611547
0.03705017950803482
0.03449171387867269
0.03417190567790465
0.034811522080085824
0.036090754892188
0.02393804359435059
0.025537084501266027
0.022978619057969125
0.025856892684590446
0.03193324829059697
0.029374782743842753
0.03641056309682561
0.03321248107947184
0.02105977000269238
0.0316134400949922
0.03097382370571989
0.03353228927830416
0.03385209747778179
0.03193324829059697
0.03353228927830416
0.030014399126655496
0.034811522080085824
0.039288836967566854
0.028415358174470287
0.03705017950803482
0.029374782743842753
0.03449171387867269
0.03896902875712951
0.02137957817695229
0.025537084501266027
0.028415358174470287
0.031293631900033154
0.03513133028214399
0.043446343761837855
0.036730371302107906
0.028415358174470287
0.03896902875712951
0.03832941233818732
0.02457765995517516
0.03353228927830416
0.03193324829059697
0.02969459093492606
0.0316134400949922
0.026496509053180073
0.02745593361091544
0.030654015512052477
0.039288836967566854
0.030654015512052477
0.041207686243713994
0.03896902875712951
0.03449171387867269
0.03289267288128489
0.0316134400949922
0.0316134400949922
0.032253056486847384
0.03705017950803482
0.02969459093492606
0.036090754892188
0.03097382370571989
0.032253056486847384
0.035770946688195145
0.03097382370571989
0.03289267288128489
0.03449171387867269
0.03513133028214399
0.03353228927830416
0.03353228927830416
0.03257286468374338
0.03097382370571989
0.0316134400949922
0.02905497455340564
0.02969459093492606
0.028095549985972176
0.024897468136558316
0.03449171387867269
0.025537084501266027
0.032253056486847384
0.0287351663636148
0.035770946688195145
0.0418473026742464
0.03864922054733631
0.03385209747778179
0.026176700868561817
0.03097382370571989
0.03385209747778179
0.035770946688195145
0.044085960201377186
0.028095549985972176
0.037369987714606284
0.025217276318588628
0.022978619057969125
0.03641056309682561
0.030014399126655496
0.03417190567790465
0.02969459093492606
0.03353228927830416
0.036090754892188
0.03449171387867269
0.028415358174470287
0.03513133028214399
0.02905497455340564
0.02681631723844514
0.03289267288128489
0.03289267288128489
0.034811522080085824
0.03832941233818732
0.031293631900033154
0.025217276318588628
0.0316134400949922
0.03321248107947184
0.03641056309682561
0.03449171387867269
0.03257286468374338
0.026496509053180073
0.02169938635186011
0.037369987714606284
0.027775741798120538
0.02969459093492606
0.02969459093492606
0.031293631900033154
0.03289267288128489
0.029374782743842753
0.03896902875712951
0.03641056309682561
0.029374782743842753
0.027136125424356953
0.02969459093492606
0.022978619057969125
0.03449171387867269
0.031293631900033154
0.03545113848484713
0.03449171387867269
0.030654015512052477
0.02905497455340564
0.027136125424356953
0.04024826160274303
0.02201919452741577
0.030334207319030995
0.03417190567790465
0.03705017950803482
0.03385209747778179
0.027775741798120538
0.026176700868561817
0.03832941233818732
0.03385209747778179
0.03193324829059697
0.03832941233818732
0.030654015512052477
0.0316134400949922
0.027775741798120538
0.037369987714606284
0.025537084501266027
0.02329842723611547
0.026496509053180073
0.027136125424356953
0.03385209747778179
0.03768979592182224
0.0316134400949922
0.02969459093492606
0.03097382370571989
0.03257286468374338
0.03353228927830416
0.027775741798120538
0.029374782743842753
0.03097382370571989
0.03353228927830416
0.022339002703619208
0.03864922054733631
0.035770946688195145
0.031293631900033154
0.025856892684590446
0.03353228927830416
0.03385209747778179
0.03257286468374338
0.02969459093492606
0.02681631723844514
0.026496509053180073
0.02681631723844514
0.02745593361091544
0.03768979592182224
0.030334207319030995
0.03385209747778179
0.03257286468374338
0.035770946688195145
0.03353228927830416
0.036090754892188
0.02329842723611547
0.03257286468374338
0.030014399126655496
0.027775741798120538
0.03321248107947184
0.03513133028214399
0.0287351663636148
0.03545113848484713
0.03193324829059697
0.036090754892188
0.025537084501266027
0.024897468136558316
0.03513133028214399
0.031293631900033154
0.030334207319030995
0.030654015512052477
0.03321248107947184
0.03257286468374338
0.029374782743842753
0.0316134400949922
0.032253056486847384
0.0316134400949922
0.0316134400949922
0.03705017950803482
0.0287351663636148
0.03705017950803482
0.03193324829059697
0.026496509053180073
0.03353228927830416
0.02905497455340564
0.035770946688195145
0.03449171387867269
0.0418473026742464
0.03896902875712951
0.0287351663636148
0.03353228927830416
0.03513133028214399
0.025537084501266027
0.036730371302107906
0.03641056309682561
0.035770946688195145
0.034811522080085824
0.03385209747778179
0.0415274944586584
0.03257286468374338
0.03417190567790465
0.020420153656116567
0.030654015512052477
0.03289267288128489
0.02681631723844514
0.03864922054733631
0.036730371302107906
0.02457765995517516
0.032253056486847384
0.028095549985972176
0.026176700868561817
0.03193324829059697
0.034811522080085824
0.028095549985972176
0.03449171387867269
0.028415358174470287
0.03449171387867269
0.03193324829059697
0.03289267288128489
0.03097382370571989
0.03353228927830416
0.032253056486847384
0.03832941233818732
0.039928453390373674
0.03449171387867269
0.02969459093492606
0.027775741798120538
0.03289267288128489
0.03545113848484713
0.030654015512052477
0.03641056309682561
0.03449171387867269
0.030334207319030995
0.044085960201377186
0.0316134400949922
0.03193324829059697
0.030014399126655496
0.030334207319030995
0.029374782743842753
0.01946072914111389
0.036730371302107906
0.04056806981575624
0.024257851774439225
0.032253056486847384
0.02905497455340564
0.03321248107947184
0.031293631900033154
0.028095549985972176
0.03417190567790465
0.032253056486847384
0.03257286468374338
0.03449171387867269
0.028095549985972176
0.039928453390373674
0.025537084501266027
0.024897468136558316
0.02969459093492606
0.026176700868561817
0.031293631900033154
0.029374782743842753
0.028415358174470287
0.026176700868561817
0.03193324829059697
0.04312653554303293
0.020420153656116567
0.03257286468374338
0.027775741798120538
0.027775741798120538
0.025217276318588628
0.03193324829059697
0.039288836967566854
0.02681631723844514
0.02969459093492606
0.030334207319030995
0.03289267288128489
0.030334207319030995
0.03097382370571989
0.030014399126655496
0.025537084501266027
0.029374782743842753
0.030014399126655496
0.020100345483800804
0.025856892684590446
0.03097382370571989
0.02969459093492606
0.032253056486847384
0.03449171387867269
0.020420153656116567
0.028415358174470287
0.03417190567790465
0.030334207319030995
0.03289267288128489
0.03353228927830416
0.027136125424356953
0.028415358174470287
0.030014399126655496
0.028095549985972176
0.03513133028214399
0.030654015512052477
0.03545113848484713
0.03513133028214399
0.0287351663636148
0.025217276318588628
0.03449171387867269
0.030014399126655496
0.03193324829059697
0.03513133028214399
0.03417190567790465
0.03193324829059697
0.03353228927830416
0.03353228927830416
0.04024826160274303
0.025856892684590446
0.0287351663636148
0.028415358174470287
0.03545113848484713
0.032253056486847384
0.03385209747778179
0.025217276318588628
0.02969459093492606
0.037369987714606284
0.04088787802941326
0.027136125424356953
0.032253056486847384
0.02905497455340564
0.03800960412968261
0.025217276318588628
0.025537084501266027
0.029374782743842753
0.03768979592182224
0.03289267288128489
0.02905497455340564
0.026496509053180073
0.0287351663636148
0.03257286468374338
0.02969459093492606
0.03193324829059697
0.036730371302107906
0.03705017950803482
0.030334207319030995
0.027136125424356953
0.03385209747778179
0.020420153656116567
0.031293631900033154
0.026496509053180073
0.028415358174470287
0.020739961829080448
0.029374782743842753
0.030334207319030995
0.03289267288128489
0.022658810880470347
0.025856892684590446
0.03513133028214399
0.03513133028214399
0.027775741798120538
0.025217276318588628
0.02905497455340564
0.030014399126655496
0.020100345483800804
0.02393804359435059
0.03385209747778179
0.02969459093492606
0.03449171387867269
0.034811522080085824
0.03449171387867269
0.03353228927830416
0.025537084501266027
0.030334207319030995
0.02745593361091544
0.04088787802941326
0.024257851774439225
0.03289267288128489
0.03321248107947184
0.03417190567790465
0.026496509053180073
0.037369987714606284
0.032253056486847384
0.036090754892188
0.020100345483800804
0.03385209747778179
0.025217276318588628
0.03321248107947184
0.025217276318588628
0.03097382370571989
0.02201919452741577
0.035770946688195145
0.030654015512052477
0.0418473026742464
0.03321248107947184
0.030334207319030995
0.026496509053180073
0.03513133028214399
0.03545113848484713
0.03193324829059697
0.028095549985972176
0.03832941233818732
0.032253056486847384
0.03768979592182224
0.031293631900033154
0.036090754892188
0.024257851774439225
0.032253056486847384
0.030014399126655496
0.022339002703619208
0.016902263796304617
0.03097382370571989
0.03353228927830416
0.026496509053180073
0.031293631900033154
0.02393804359435059
0.026496509053180073
0.03289267288128489
0.0316134400949922
0.03449171387867269
0.02201919452741577
0.03289267288128489
0.030334207319030995
0.02329842723611547
0.027136125424356953
0.029374782743842753
0.035770946688195145
0.02969459093492606
0.02905497455340564
0.03321248107947184
0.024897468136558316
0.030654015512052477
0.036730371302107906
0.03417190567790465
0.02745593361091544
0.036730371302107906
0.02969459093492606
0.030334207319030995
0.028095549985972176
0.026176700868561817
0.03289267288128489
0.03641056309682561
0.028415358174470287
0.028095549985972176
0.030654015512052477
0.03289267288128489
0.036090754892188
0.022339002703619208
0.04024826160274303
0.03641056309682561
0.022339002703619208
0.03289267288128489
0.036730371302107906
0.03097382370571989
0.04024826160274303
0.02969459093492606
0.03513133028214399
0.036090754892188
0.034811522080085824
0.03289267288128489
0.030654015512052477
0.027136125424356953
0.036730371302107906
0.03193324829059697
0.03321248107947184
0.027775741798120538
0.03385209747778179
0.030654015512052477
0.027775741798120538
0.030014399126655496
0.030654015512052477
0.030654015512052477
0.02905497455340564
0.03417190567790465
0.03289267288128489
0.029374782743842753
0.03097382370571989
0.032253056486847384
0.03832941233818732
0.030654015512052477
0.027136125424356953
0.04632461776001711
0.02905497455340564
0.0287351663636148
0.03097382370571989
0.026176700868561817
0.028415358174470287
0.02905497455340564
0.03097382370571989
0.03864922054733631
0.03800960412968261
0.03289267288128489
0.034811522080085824
0.026496509053180073
0.02329842723611547
0.03832941233818732
0.020739961829080448
0.029374782743842753
0.04280672732487125
0.030654015512052477
0.03896902875712951
0.03449171387867269
0.03545113848484713
0.024897468136558316
0.025217276318588628
0.031293631900033154
0.035770946688195145
0.0316134400949922
0.025537084501266027
0.027136125424356953
0.02969459093492606
0.027136125424356953
0.030654015512052477
0.03545113848484713
0.03960864517864826
0.036730371302107906
0.024897468136558316
0.035770946688195145
0.0287351663636148
0.025856892684590446
0.026496509053180073
0.032253056486847384
0.026496509053180073
0.025217276318588628
0.03768979592182224
0.02457765995517516
0.03864922054733631
0.036730371302107906
0.030654015512052477
0.02681631723844514
0.031293631900033154
0.030334207319030995
0.03193324829059697
0.032253056486847384
0.030334207319030995
0.030654015512052477
0.039288836967566854
0.02393804359435059
0.027136125424356953
0.032253056486847384
0.030654015512052477
0.03449171387867269
0.03513133028214399
0.02905497455340564
0.02457765995517516
0.03257286468374338
0.035770946688195145
0.042167110890477914
0.035770946688195145
0.030014399126655496
0.02905497455340564
0.029374782743842753
0.029374782743842753
0.03321248107947184
0.030014399126655496
0.03768979592182224
0.035770946688195145
0.02393804359435059
0.03353228927830416
0.03097382370571989
0.0287351663636148
0.03289267288128489
0.02137957817695229
0.026176700868561817
0.032253056486847384
0.03545113848484713
0.025856892684590446
0.027136125424356953
0.020420153656116567
0.025856892684590446
0.0316134400949922
0.02681631723844514
0.0316134400949922
0.036090754892188
0.022339002703619208
0.022978619057969125
0.03097382370571989
0.03097382370571989
0.02201919452741577
0.03641056309682561
0.030334207319030995
0.027136125424356953
0.026496509053180073
0.02681631723844514
0.022978619057969125
0.02201919452741577
0.03193324829059697
0.04088787802941326
0.028415358174470287
0.026176700868561817
0.03321248107947184
0.03417190567790465
0.027775741798120538
0.03257286468374338
0.037369987714606284
0.022978619057969125
0.03832941233818732
0.03289267288128489
0.03513133028214399
0.024257851774439225
0.024257851774439225
0.03545113848484713
0.027775741798120538
0.025217276318588628
0.035770946688195145
0.027775741798120538
0.025856892684590446
0.03193324829059697
0.035770946688195145
0.02457765995517516
0.03289267288128489
0.034811522080085824
0.041207686243713994
0.037369987714606284
0.025856892684590446
0.025856892684590446
0.032253056486847384
0.039928453390373674
0.03705017950803482
0.03417190567790465
0.02457765995517516
0.03289267288128489
0.036090754892188
0.0287351663636148
0.0316134400949922
0.03289267288128489
0.03385209747778179
0.03800960412968261
0.03417190567790465
0.03385209747778179
0.02681631723844514
0.03257286468374338
0.029374782743842753
0.02393804359435059
0.034811522080085824
0.027136125424356953
0.03545113848484713
0.03705017950803482
0.031293631900033154
0.030014399126655496
0.025537084501266027
0.032253056486847384
0.035770946688195145
0.04088787802941326
0.028415358174470287
0.031293631900033154
0.031293631900033154
0.03545113848484713
0.03321248107947184
0.036730371302107906
0.027136125424356953
0.032253056486847384
0.0316134400949922
0.03641056309682561
0.027775741798120538
0.03257286468374338
0.025856892684590446
0.03353228927830416
0.025217276318588628
0.032253056486847384
0.02905497455340564
0.022658810880470347
0.03097382370571989
0.020100345483800804
0.030654015512052477
0.03545113848484713
0.034811522080085824
0.027775741798120538
0.0316134400949922
0.026496509053180073
0.02681631723844514
0.03513133028214399
0.027775741798120538
0.02201919452741577
0.03449171387867269
0.035770946688195145
0.03193324829059697
0.03097382370571989
0.02905497455340564
0.03321248107947184
0.02201919452741577
0.03289267288128489
0.030334207319030995
0.03545113848484713
0.028415358174470287
0.030654015512052477
0.028095549985972176
0.027775741798120538
0.037369987714606284
0.030014399126655496
0.02969459093492606
0.027136125424356953
0.028415358174470287
0.03353228927830416
0.02969459093492606
0.026496509053180073
0.036730371302107906
0.039928453390373674
0.020100345483800804
0.02905497455340564
0.036730371302107906
0.03321248107947184
0.02969459093492606
0.029374782743842753
0.026496509053180073
0.030334207319030995
0.03705017950803482
0.02969459093492606
0.03353228927830416
0.03513133028214399
0.028415358174470287
0.03289267288128489
0.03097382370571989
0.0287351663636148
0.03097382370571989
0.02745593361091544
0.027775741798120538
0.024897468136558316
0.028415358174470287
0.027136125424356953
0.025217276318588628
0.02329842723611547
0.036730371302107906
0.034811522080085824
0.030654015512052477
0.03321248107947184
0.03513133028214399
0.022658810880470347
0.030654015512052477
0.02137957817695229
0.01626264746658963
0.032253056486847384
0.03257286468374338
0.03513133028214399
0.03193324829059697
0.025217276318588628
0.03353228927830416
0.026496509053180073
0.025217276318588628
0.027775741798120538
0.030334207319030995
0.028415358174470287
0.022658810880470347
0.031293631900033154
0.02969459093492606
0.018501304631946113
0.044085960201377186
0.03257286468374338
0.027136125424356953
0.027136125424356953
0.026176700868561817
0.04760385066480641
0.016582455631122654
0.03289267288128489