0.014983414814948293
0.010506100616041895
0.02137957817695229
0.013384374015005973
0.015303222976884877
0.02201919452741577
0.019140920970742888
0.01402399033303451
0.01434379849302304
0.017861688295743455
0.018501304631946113
0.014983414814948293
0.016902263796304617
0.013384374015005973
0.01978053731213322
0.01978053731213322
0.012744757699575938
0.01626264746658963
0.01722207196213545
0.01434379849302304
0.01626264746658963
0.01626264746658963
0.014983414814948293
0.014663606653660993
0.018181496463520484
0.019140920970742888
0.017541880128615087
0.01434379849302304
0.013704182173695463
0.014663606653660993
0.018181496463520484
0.01562303113947067
0.012744757699575938
0.01626264746658963
0.011145716922372872
0.01626264746658963
0.016582455631122654
0.018181496463520484
0.01594283930270561
0.01626264746658963
0.016582455631122654
0.01946072914111389
0.01722207196213545
0.016582455631122654
0.012105141386744945
0.014983414814948293
0.019140920970742888
0.01978053731213322
0.012744757699575938
0.01434379849302304
0.01722207196213545
0.01978053731213322
0.018181496463520484
0.01626264746658963
0.018501304631946113
0.010506100616041895
0.02105977000269238
0.016582455631122654
0.012105141386744945
0.013704182173695463
0.02201919452741577
0.01722207196213545
0.01146552507651355
0.017861688295743455
0.018821112801020272
0.013704182173695463
0.022978619057969125
0.018181496463520484
0.017861688295743455
0.01562303113947067
0.018821112801020272
0.014983414814948293
0.01562303113947067
0.01626264746658963
0.011145716922372872
0.018821112801020272
0.016582455631122654
0.00954667616142241
0.016582455631122654
0.014663606653660993
0.016582455631122654
0.01562303113947067
0.01306456585696611
0.015303222976884877
0.013704182173695463
0.017541880128615087
0.022978619057969125
0.014983414814948293
0.017541880128615087
0.018181496463520484
0.01434379849302304
0.01402399033303451
0.017861688295743455
0.01722207196213545
0.016902263796304617
0.017861688295743455
0.015303222976884877
0.016902263796304617
0.010506100616041895
0.01594283930270561
0.01978053731213322
0.012744757699575938
0.011785333231304266
0.01946072914111389
0.013704182173695463
0.01626264746658963
0.015303222976884877
0.01306456585696611
0.018181496463520484
0.01946072914111389
0.01562303113947067
0.02105977000269238
0.018501304631946113
0.01594283930270561
0.02105977000269238
0.020739961829080448
0.018501304631946113
0.016582455631122654
0.013704182173695463
0.016902263796304617
0.015303222976884877
0.014983414814948293
0.01978053731213322
0.013704182173695463
0.014663606653660993
0.013384374015005973
0.015303222976884877
0.020739961829080448
0.01562303113947067
0.016582455631122654
0.016582455631122654
0.01626264746658963
0.01562303113947067
0.016582455631122654
0.016902263796304617
0.012105141386744945
0.01434379849302304
0.01722207196213545
0.020739961829080448
0.017861688295743455
0.016582455631122654
0.012424949542835528
0.012105141386744945
0.019140920970742888
0.010186292463851734
0.01402399033303451
0.01434379849302304
0.012424949542835528
0.01946072914111389
0.01434379849302304
0.00954667616142241
0.01434379849302304
0.019140920970742888
0.018821112801020272
0.014663606653660993
0.020739961829080448
0.01402399033303451
0.01722207196213545
0.020739961829080448
0.01594283930270561
0.017541880128615087
0.010825908768882297
0.01594283930270561
0.01594283930270561
0.019140920970742888
0.018821112801020272
0.017861688295743455
0.015303222976884877
0.016582455631122654
0.01402399033303451
0.01978053731213322
0.01434379849302304
0.017541880128615087
0.01594283930270561
0.014983414814948293
0.016582455631122654
0.018501304631946113
0.013384374015005973
0.018181496463520484
0.013704182173695463
0.013704182173695463
0.01562303113947067
0.01594283930270561
0.012744757699575938
0.014983414814948293
0.01434379849302304
0.014663606653660993
0.012424949542835528
0.013384374015005973
0.01626264746658963
0.014663606653660993
0.018181496463520484
0.011145716922372872
0.014663606653660993
0.019140920970742888
0.016582455631122654
0.014983414814948293
0.017861688295743455
0.020420153656116567
0.013704182173695463
0.017861688295743455
0.020100345483800804
0.017861688295743455
0.02201919452741577
0.014983414814948293
0.01146552507651355
0.01402399033303451
0.013704182173695463
0.01626264746658963
0.01722207196213545
0.011145716922372872
0.013384374015005973
0.014983414814948293
0.01306456585696611
0.011785333231304266
0.016902263796304617
0.01434379849302304
0.01978053731213322
0.025537084501266027
0.010506100616041895
0.012424949542835528
0.01146552507651355
0.02105977000269238
0.018821112801020272
0.01594283930270561
0.020739961829080448
0.015303222976884877
0.020420153656116567
0.014983414814948293
0.01626264746658963
0.018821112801020272
0.019140920970742888
0.016902263796304617
0.01402399033303451
0.013704182173695463
0.018181496463520484
0.013704182173695463
0.01626264746658963
0.016902263796304617
0.015303222976884877
0.01562303113947067
0.02105977000269238
0.01722207196213545
0.02201919452741577
0.01402399033303451
0.013384374015005973
0.014983414814948293
0.02105977000269238
0.014663606653660993
0.018501304631946113
0.018181496463520484
0.018821112801020272
0.013704182173695463
0.014663606653660993
0.020100345483800804
0.016902263796304617
0.009226868011183383
0.011145716922372872
0.013704182173695463
0.01306456585696611
0.014663606653660993
0.011785333231304266
0.015303222976884877
0.017541880128615087
0.014983414814948293
0.014663606653660993
0.01434379849302304
0.011145716922372872
0.017541880128615087
0.019140920970742888
0.017861688295743455
0.010186292463851734
0.014663606653660993
0.01722207196213545
0.014663606653660993
0.012744757699575938
0.01402399033303451
0.01306456585696611
0.017541880128615087
0.012105141386744945
0.012105141386744945
0.012424949542835528
0.013384374015005973
0.020100345483800804
0.018501304631946113
0.018181496463520484
0.01722207196213545
0.01434379849302304
0.022339002703619208
0.014663606653660993
0.013704182173695463
0.01562303113947067
0.01402399033303451
0.01594283930270561
0.01978053731213322
0.01594283930270561
0.014663606653660993
0.019140920970742888
0.01306456585696611
0.017541880128615087
0.01562303113947067
0.012744757699575938
0.008267443564369675
0.012424949542835528
0.020420153656116567
0.020420153656116567
0.016582455631122654
0.01978053731213322
0.012424949542835528
0.016902263796304617
0.019140920970742888
0.01434379849302304
0.010825908768882297
0.011785333231304266
0.017541880128615087
0.01434379849302304
0.017541880128615087
0.023618235414909317
0.016582455631122654
0.02105977000269238
0.01562303113947067
0.01626264746658963
0.00954667616142241
0.012744757699575938
0.016902263796304617
0.016902263796304617
0.01946072914111389
0.01594283930270561
0.018821112801020272
0.01946072914111389
0.022978619057969125
0.01722207196213545
0.014663606653660993
0.014983414814948293
0.01626264746658963
0.01402399033303451
0.014663606653660993
0.010825908768882297
0.020420153656116567
0.016582455631122654
0.020420153656116567
0.01594283930270561
0.011785333231304266
0.02201919452741577
0.014983414814948293
0.016582455631122654
0.01402399033303451
0.012744757699575938
0.01562303113947067
0.014983414814948293
0.01946072914111389
0.016582455631122654
0.01978053731213322
0.014663606653660993
0.02169938635186011
0.018501304631946113
0.016902263796304617
0.020739961829080448
0.015303222976884877
0.01434379849302304
0.019140920970742888
0.016902263796304617
0.013704182173695463
0.012105141386744945
0.01402399033303451
0.017861688295743455
0.020420153656116567
0.016582455631122654
0.009866484312311883
0.01626264746658963
0.01434379849302304
0.016582455631122654
0.014663606653660993
0.018181496463520484
0.01626264746658963
0.012424949542835528
0.02169938635186011
0.018501304631946113
0.017861688295743455
0.01722207196213545
0.015303222976884877
0.018501304631946113
0.014983414814948293
0.015303222976884877
0.016582455631122654
0.016582455631122654
0.01722207196213545
0.016902263796304617
0.015303222976884877
0.013704182173695463
0.017861688295743455
0.020100345483800804
0.013384374015005973
0.01434379849302304
0.01402399033303451
0.016582455631122654
0.01722207196213545
0.01562303113947067
0.01946072914111389
0.018181496463520484
0.01306456585696611
0.02105977000269238
0.01562303113947067
0.01946072914111389
0.016902263796304617
0.013704182173695463
0.020420153656116567
0.020100345483800804
0.017861688295743455
0.01978053731213322
0.014983414814948293
0.014663606653660993
0.017861688295743455
0.012105141386744945
0.018181496463520484
0.01306456585696611
0.015303222976884877
0.014663606653660993
0.01562303113947067
0.012424949542835528
0.01626264746658963
0.02105977000269238
0.015303222976884877
0.01722207196213545
0.01434379849302304
0.01402399033303451
0.016582455631122654
0.01594283930270561
0.015303222976884877
0.01594283930270561
0.020100345483800804
0.018501304631946113
0.010186292463851734
0.014983414814948293
0.02201919452741577
0.015303222976884877
0.018181496463520484
0.010186292463851734
0.014983414814948293
0.01978053731213322
0.017541880128615087
0.018181496463520484
0.01434379849302304
0.017861688295743455
0.01146552507651355
0.01722207196213545
0.01562303113947067
0.015303222976884877
0.010825908768882297
0.013704182173695463
0.012105141386744945
0.020100345483800804
0.016902263796304617
0.01722207196213545
0.017541880128615087
0.014663606653660993
0.014983414814948293
0.020420153656116567
0.019140920970742888
0.013384374015005973
0.016582455631122654
0.017861688295743455
0.012105141386744945
0.013384374015005973
0.011785333231304266
0.020420153656116567
0.013704182173695463
0.01722207196213545
0.01562303113947067
0.012424949542835528
0.01978053731213322
0.014663606653660993
0.01626264746658963
0.01562303113947067
0.017541880128615087
0.014983414814948293
0.01562303113947067
0.016902263796304617
0.01626264746658963
0.01594283930270561
0.01306456585696611
0.018821112801020272
0.016582455631122654
0.013704182173695463
0.020739961829080448
0.02105977000269238
0.01626264746658963
0.010506100616041895
0.013384374015005973
0.01306456585696611
0.020100345483800804
0.014983414814948293
0.012744757699575938
0.017541880128615087
0.022339002703619208
0.01562303113947067
0.01946072914111389
0.012105141386744945
0.01626264746658963
0.014983414814948293
0.015303222976884877
0.01978053731213322
0.01434379849302304
0.017541880128615087
0.01562303113947067
0.01978053731213322
0.014983414814948293
0.01722207196213545
0.016582455631122654
0.01946072914111389
0.018821112801020272
0.01434379849302304
0.010186292463851734
0.013384374015005973
0.012744757699575938
0.018181496463520484
0.016902263796304617
0.019140920970742888
0.017861688295743455
0.01306456585696611
0.018501304631946113
0.00954667616142241
0.02137957817695229
0.016902263796304617
0.02137957817695229
0.018821112801020272
0.012744757699575938
0.012424949542835528
0.012105141386744945
0.015303222976884877
0.01402399033303451
0.01402399033303451
0.01434379849302304
0.013384374015005973
0.011785333231304266
0.018501304631946113
0.01562303113947067
0.018181496463520484
0.01594283930270561
0.013384374015005973
0.016582455631122654
0.02169938635186011
0.01946072914111389
0.01562303113947067
0.01594283930270561
0.01946072914111389
0.017861688295743455
0.014983414814948293
0.012424949542835528
0.01594283930270561
0.017541880128615087
0.014983414814948293
0.01946072914111389
0.01434379849302304
0.018181496463520484
0.016902263796304617
0.01306456585696611
0.019140920970742888
0.01306456585696611
0.012744757699575938
0.011785333231304266
0.01978053731213322
0.01306456585696611
0.01306456585696611
0.01306456585696611
0.01562303113947067
0.012744757699575938
0.01306456585696611
0.012424949542835528
0.01722207196213545
0.018181496463520484
0.014983414814948293
0.01978053731213322
0.014983414814948293
0.01722207196213545
0.01434379849302304
0.01946072914111389
0.01306456585696611
0.017861688295743455
0.016582455631122654
0.018181496463520484
0.01594283930270561
0.017541880128615087
0.01594283930270561
0.010186292463851734
0.018501304631946113
0.014663606653660993
0.01562303113947067
0.013384374015005973
0.017541880128615087
0.013384374015005973
0.015303222976884877
0.018181496463520484
0.020420153656116567
0.01946072914111389
0.01562303113947067
0.01402399033303451
0.01402399033303451
0.02137957817695229
0.013704182173695463
0.012424949542835528
0.022658810880470347
0.013384374015005973
0.016582455631122654
0.014663606653660993
0.016582455631122654
0.011145716922372872
0.01594283930270561
0.020100345483800804
0.018821112801020272
0.018821112801020272
0.01946072914111389
0.02105977000269238
0.01306456585696611
0.018181496463520484
0.01306456585696611
0.01626264746658963
0.020100345483800804
0.012744757699575938
0.01402399033303451
0.01594283930270561
0.013384374015005973
0.016582455631122654
0.01946072914111389
0.013384374015005973
0.01562303113947067
0.016582455631122654
0.01722207196213545
0.020420153656116567
0.01722207196213545
0.013384374015005973
0.013704182173695463
0.01626264746658963
0.01434379849302304
0.01978053731213322
0.01402399033303451
0.01434379849302304
0.016902263796304617
0.014663606653660993
0.012744757699575938
0.01594283930270561
0.020100345483800804
0.01146552507651355
0.017541880128615087
0.01626264746658963
0.012744757699575938
0.016582455631122654
0.01946072914111389
0.01402399033303451
0.020420153656116567
0.01562303113947067
0.018181496463520484
0.016582455631122654
0.013384374015005973
0.020739961829080448
0.01434379849302304
0.017861688295743455
0.014983414814948293
0.016582455631122654
0.01594283930270561
0.01146552507651355
0.014983414814948293
0.017541880128615087
0.020739961829080448
0.020420153656116567
0.013384374015005973
0.015303222976884877
0.016902263796304617
0.015303222976884877
0.019140920970742888
0.014663606653660993
0.014983414814948293
0.017541880128615087
0.014663606653660993
0.018501304631946113
0.016582455631122654
0.018821112801020272
0.017861688295743455
0.01626264746658963
0.017541880128615087
0.020420153656116567
0.012105141386744945
0.01402399033303451
0.012744757699575938
0.02137957817695229
0.018821112801020272
0.01562303113947067
0.01562303113947067
0.016582455631122654
0.018821112801020272
0.01562303113947067
0.01402399033303451
0.017541880128615087
0.014663606653660993
0.015303222976884877
0.01626264746658963
0.01306456585696611
0.010825908768882297
0.01402399033303451
0.01594283930270561
0.02105977000269238
0.01146552507651355
0.014663606653660993
0.02137957817695229
0.01626264746658963
0.01594283930270561
0.01402399033303451
0.015303222976884877
0.01562303113947067
0.01978053731213322
0.015303222976884877
0.018181496463520484
0.012105141386744945
0.018181496463520484
0.017861688295743455
0.014983414814948293
0.01722207196213545
0.01626264746658963
0.019140920970742888
0.01402399033303451
0.012105141386744945
0.01946072914111389
0.011145716922372872
0.02201919452741577
0.01562303113947067
0.017861688295743455
0.01402399033303451
0.012105141386744945
0.013384374015005973
0.020739961829080448
0.015303222976884877
0.014663606653660993
0.016582455631122654
0.014663606653660993
0.01402399033303451
0.018181496463520484
0.017541880128615087
0.015303222976884877
0.01402399033303451
0.01978053731213322
0.01722207196213545
0.013704182173695463
0.020420153656116567
0.02329842723611547
0.01722207196213545
0.017861688295743455
0.016902263796304617
0.016902263796304617
0.020100345483800804
0.01146552507651355
0.017861688295743455
0.01594283930270561
0.011145716922372872
0.018821112801020272
0.020100345483800804
0.01978053731213322
0.01434379849302304
0.015303222976884877
0.015303222976884877
0.013704182173695463
0.014663606653660993
0.01594283930270561
0.013704182173695463
0.01626264746658963
0.01402399033303451
0.008907059861594874
0.014663606653660993
0.016902263796304617
0.01306456585696611
0.017541880128615087
0.017861688295743455
0.018181496463520484
0.013384374015005973
0.01594283930270561
0.014663606653660993
0.015303222976884877
0.020420153656116567
0.01434379849302304
0.018501304631946113
0.014663606653660993
0.01946072914111389
0.018181496463520484
0.017541880128615087
0.016902263796304617
0.01722207196213545
0.017541880128615087
0.013384374015005973
0.019140920970742888
0.01562303113947067
0.01402399033303451
0.020739961829080448
0.01594283930270561
0.012105141386744945
0.01434379849302304
0.01402399033303451
0.016902263796304617
0.017541880128615087
0.01626264746658963
0.011145716922372872
0.018181496463520484
0.017541880128615087
0.020100345483800804
0.014663606653660993
0.01306456585696611
0.010186292463851734
0.01562303113947067
0.01722207196213545
0.022978619057969125
0.016582455631122654
0.01978053731213322
0.01434379849302304
0.014663606653660993
0.013384374015005973
0.01434379849302304
0.017861688295743455
0.01306456585696611
0.015303222976884877
0.020420153656116567
0.017541880128615087
0.016582455631122654
0.01626264746658963
0.014983414814948293
0.013704182173695463
0.01722207196213545
0.012424949542835528
0.014663606653660993
0.022658810880470347
0.011785333231304266
0.01434379849302304
0.01626264746658963
0.017541880128615087
0.018821112801020272
0.014663606653660993
0.01722207196213545
0.010186292463851734
0.013704182173695463
0.019140920970742888
0.016582455631122654
0.014983414814948293
0.01626264746658963
0.016582455631122654
0.016902263796304617
0.01946072914111389
0.017541880128615087
0.01626264746658963
0.012744757699575938
0.018181496463520484
0.01402399033303451
0.010506100616041895
0.016582455631122654
0.01626264746658963
0.01626264746658963
0.02201919452741577
0.01562303113947067
0.017861688295743455
0.014983414814948293
0.018501304631946113
0.012744757699575938
0.011145716922372872
0.014983414814948293
0.018501304631946113
0.020100345483800804
0.017541880128615087
0.01402399033303451
0.017541880128615087
0.017541880128615087
0.01434379849302304
0.017861688295743455
0.01594283930270561
0.02137957817695229
0.01594283930270561
0.01946072914111389
0.01434379849302304
0.012105141386744945
0.014983414814948293
0.013384374015005973
0.020100345483800804
0.022978619057969125
0.01946072914111389
0.017541880128615087
0.014663606653660993
0.01594283930270561
0.017861688295743455
0.01434379849302304
0.017861688295743455
0.01722207196213545
0.016902263796304617
0.01434379849302304
0.02105977000269238
0.016582455631122654
0.017541880128615087
0.01306456585696611
0.017541880128615087
0.01562303113947067
0.019140920970742888
0.013384374015005973
0.019140920970742888
0.01626264746658963
0.01306456585696611
0.01434379849302304
0.022658810880470347
0.015303222976884877
0.017861688295743455
0.01434379849302304
0.020100345483800804
0.01978053731213322
0.022339002703619208
0.015303222976884877
0.014663606653660993
0.014983414814948293
0.020100345483800804
0.019140920970742888
0.020420153656116567
0.011785333231304266
0.014983414814948293
0.017861688295743455
0.017541880128615087
0.016902263796304617
0.012105141386744945
0.01626264746658963
0.018181496463520484
0.01626264746658963
0.01434379849302304
0.014663606653660993
0.012424949542835528
0.017541880128615087
0.016902263796304617
0.014663606653660993
0.013384374015005973
0.016582455631122654
0.01722207196213545
0.014663606653660993
0.016902263796304617
0.019140920970742888
0.012424949542835528
0.018821112801020272
0.013384374015005973
0.016582455631122654
0.020100345483800804
0.022658810880470347
0.01722207196213545
0.012424949542835528
0.019140920970742888
0.018181496463520484
0.01626264746658963
0.020420153656116567
0.017541880128615087
0.017861688295743455
0.014983414814948293
0.016902263796304617
0.020739961829080448
0.01626264746658963
0.019140920970742888
0.013384374015005973
0.016582455631122654
0.018181496463520484
0.010506100616041895
0.02201919452741577
0.01626264746658963
0.009226868011183383
0.01626264746658963
0.01626264746658963
0.012744757699575938
0.019140920970742888
0.02105977000269238
0.013704182173695463
0.01562303113947067
0.012744757699575938
0.020100345483800804
0.01594283930270561
0.018181496463520484
0.017861688295743455
0.01594283930270561
0.016582455631122654
0.025537084501266027
0.022339002703619208
0.019140920970742888
0.016902263796304617
0.01946072914111389
0.018181496463520484
0.018181496463520484
0.01594283930270561
0.020100345483800804
0.013704182173695463
0.01594283930270561
0.018821112801020272
0.014983414814948293
0.016582455631122654
0.016582455631122654
0.01562303113947067
0.013384374015005973
0.01146552507651355
0.016902263796304617
0.02137957817695229
0.012744757699575938
0.01594283930270561
0.01562303113947067
0.015303222976884877
0.020739961829080448
0.01722207196213545
0.015303222976884877
0.014983414814948293
0.012424949542835528
0.022339002703619208
0.014663606653660993
0.019140920970742888
0.013384374015005973
0.01146552507651355
0.013384374015005973
0.013704182173695463
0.01626264746658963
0.017861688295743455
0.013384374015005973
0.014663606653660993
0.013704182173695463
0.02329842723611547
0.009866484312311883
0.01594283930270561
0.018181496463520484
0.017541880128615087
0.012744757699575938
0.013384374015005973
0.01722207196213545
0.01306456585696611
0.015303222976884877
0.011785333231304266
0.01626264746658963
0.01626264746658963
0.013384374015005973
0.020739961829080448
0.01402399033303451
0.017861688295743455
0.014983414814948293
0.012424949542835528
0.01402399033303451
0.01562303113947067
0.018181496463520484
0.018821112801020272
0.01434379849302304
0.01146552507651355
0.01562303113947067
0.01946072914111389
0.01722207196213545
0.019140920970742888
0.017861688295743455
0.016902263796304617
0.01562303113947067
0.01562303113947067
0.01434379849302304
0.01402399033303451
0.018821112801020272
0.01722207196213545
0.017541880128615087
0.01306456585696611
0.01146552507651355
0.017861688295743455
0.013704182173695463
0.01626264746658963
0.014983414814948293
0.016582455631122654
0.01946072914111389
0.01594283930270561
0.01562303113947067
0.013704182173695463
0.012424949542835528
0.012424949542835528
0.015303222976884877
0.01594283930270561
0.018181496463520484
0.015303222976884877
0.01146552507651355
0.014663606653660993
0.020100345483800804
0.018181496463520484
0.014983414814948293
0.01946072914111389
0.012105141386744945
0.016582455631122654
0.015303222976884877
0.012744757699575938
0.01434379849302304
0.019140920970742888
0.020100345483800804
0.013704182173695463
0.013384374015005973
0.010825908768882297
0.012424949542835528
0.017861688295743455
0.012744757699575938
0.018821112801020272
0.01722207196213545
0.01306456585696611
0.014663606653660993
0.018181496463520484
0.01722207196213545
0.010825908768882297
0.014983414814948293
0.016902263796304617
0.01402399033303451
0.01434379849302304
0.015303222976884877
0.01626264746658963
0.01562303113947067
0.015303222976884877
0.018181496463520484
0.017861688295743455
0.00954667616142241
0.015303222976884877
0.018181496463520484
0.01562303113947067
0.01306456585696611
0.014983414814948293
0.018501304631946113
0.015303222976884877
0.018501304631946113
0.017861688295743455
0.017861688295743455
0.015303222976884877
0.017541880128615087
0.013704182173695463
0.01306456585696611
0.015303222976884877
0.012424949542835528
0.016902263796304617
0.02105977000269238
0.01946072914111389
0.018501304631946113
0.018501304631946113
0.020739961829080448
0.018821112801020272
0.00954667616142241
0.017541880128615087
0.013384374015005973
0.017861688295743455
0.012744757699575938
0.01594283930270561
0.01146552507651355
0.017541880128615087
0.011785333231304266
0.015303222976884877
0.017541880128615087
0.015303222976884877
0.012744757699575938
0.02201919452741577
0.016582455631122654
0.014663606653660993
0.015303222976884877
0.01594283930270561
0.017861688295743455
0.01946072914111389
0.017541880128615087
0.010825908768882297
0.014983414814948293
0.013384374015005973
0.012744757699575938
0.01402399033303451
0.007627827269747359
0.017541880128615087
0.016902263796304617
0.013384374015005973
0.01562303113947067
0.016582455631122654
0.01594283930270561
0.019140920970742888
0.015303222976884877
0.01946072914111389
0.01306456585696611
0.012744757699575938
0.01434379849302304
0.01306456585696611
0.012424949542835528
0.018821112801020272
0.015303222976884877
0.017861688295743455
0.016582455631122654
0.01594283930270561
0.01562303113947067
0.017861688295743455
0.015303222976884877
0.020100345483800804
0.01562303113947067
0.020100345483800804
0.015303222976884877
0.01594283930270561
0.012105141386744945
0.020739961829080448
0.01626264746658963
0.020420153656116567
0.018821112801020272
0.007627827269747359
0.018501304631946113
0.019140920970742888
0.018821112801020272
0.014983414814948293
0.01722207196213545
0.017541880128615087
0.014663606653660993
0.01626264746658963
0.01978053731213322
0.01626264746658963
0.018501304631946113
0.012744757699575938
0.02105977000269238
0.018181496463520484
0.020100345483800804
0.01594283930270561
0.01626264746658963
0.01722207196213545
0.022339002703619208
0.020420153656116567
0.01146552507651355
0.017861688295743455
0.01402399033303451
0.01626264746658963
0.015303222976884877
0.011145716922372872
0.012105141386744945
0.014983414814948293
0.019140920970742888
0.017861688295743455
0.018821112801020272
0.016582455631122654
0.018821112801020272
0.017541880128615087
0.018501304631946113
0.01722207196213545
0.01562303113947067
0.020739961829080448
0.020100345483800804
0.013384374015005973
0.014983414814948293
0.01626264746658963
0.016902263796304617
0.016902263796304617
0.012744757699575938
0.014983414814948293
0.02105977000269238
0.01626264746658963
0.016902263796304617
0.012744757699575938
0.01306456585696611
0.02137957817695229
0.010825908768882297
0.01306456585696611
0.01946072914111389
0.018181496463520484
0.022339002703619208
0.018821112801020272
0.024257851774439225
0.01434379849302304
0.010506100616041895
0.01562303113947067
0.016902263796304617
0.018821112801020272
0.012424949542835528
0.017861688295743455
0.013704182173695463
0.012424949542835528
0.015303222976884877
0.01562303113947067
0.020739961829080448
0.018821112801020272
0.012744757699575938
0.016902263796304617
0.013704182173695463
0.01402399033303451
0.015303222976884877
0.016582455631122654
0.014983414814948293
0.020739961829080448
0.018501304631946113
0.013704182173695463
0.016582455631122654
0.020420153656116567
0.012744757699575938
0.017861688295743455
0.01626264746658963
0.01434379849302304
0.013704182173695463
0.017541880128615087
0.016582455631122654
0.015303222976884877
0.020739961829080448
0.008587251712656948
0.01594283930270561
0.017541880128615087
0.01594283930270561
0.01978053731213322
0.020420153656116567
0.01306456585696611
0.012424949542835528
0.01562303113947067
0.01562303113947067
0.016582455631122654
0.016582455631122654
0.009866484312311883
0.01594283930270561
0.012744757699575938
0.012105141386744945
0.016582455631122654
0.014663606653660993
0.01562303113947067
0.016902263796304617
0.010825908768882297
0.017861688295743455
0.018181496463520484
0.017541880128615087
0.014663606653660993
0.010506100616041895
0.01434379849302304
0.016582455631122654
0.01722207196213545
0.014663606653660993
0.013704182173695463
0.01306456585696611
0.01562303113947067
0.014983414814948293
0.009866484312311883
0.01626264746658963
0.017541880128615087
0.015303222976884877
0.01594283930270561
0.013704182173695463
0.01402399033303451
0.015303222976884877
0.012744757699575938
0.01722207196213545
0.01402399033303451
0.017541880128615087
0.013704182173695463
0.014983414814948293
0.01434379849302304
0.01626264746658963
0.020739961829080448
0.01722207196213545
0.014663606653660993
0.019140920970742888
0.01434379849302304
0.012105141386744945
0.01722207196213545
0.017541880128615087
0.012744757699575938
0.020420153656116567
0.020100345483800804
0.018501304631946113
0.012105141386744945
0.014663606653660993
0.014663606653660993
0.010186292463851734
0.012424949542835528
0.017861688295743455
0.01434379849302304
0.01146552507651355
0.01722207196213545
0.014663606653660993
0.015303222976884877
0.01946072914111389
0.02137957817695229
0.01978053731213322
0.01946072914111389
0.012105141386744945
0.014983414814948293
0.016902263796304617
0.01946072914111389
0.017541880128615087
0.015303222976884877
0.012105141386744945
0.020420153656116567
0.014663606653660993
0.01626264746658963
0.018501304631946113
0.015303222976884877
0.014663606653660993
0.018501304631946113
0.019140920970742888
0.014663606653660993
0.013384374015005973
0.01306456585696611
0.01594283930270561
0.00954667616142241
0.01946072914111389
0.017861688295743455
0.018181496463520484
0.01946072914111389
0.018821112801020272
0.01946072914111389
0.017541880128615087
0.022658810880470347
0.01626264746658963
0.01946072914111389
0.016582455631122654
0.01434379849302304
0.02201919452741577
0.016902263796304617
0.015303222976884877
0.018501304631946113
0.019140920970742888
0.014983414814948293
0.017541880128615087
0.02169938635186011
0.01594283930270561
0.013384374015005973
0.01434379849302304
0.01978053731213322
0.01434379849302304
0.01626264746658963
0.011145716922372872
0.013384374015005973
0.016902263796304617
0.01146552507651355
0.01626264746658963
0.016902263796304617
0.018181496463520484
0.01562303113947067
0.014983414814948293
0.013384374015005973
0.016582455631122654
0.018181496463520484
0.01722207196213545
0.013384374015005973
0.014663606653660993
0.018181496463520484
0.017541880128615087
0.012424949542835528
0.014663606653660993
0.01626264746658963
0.01434379849302304
0.01562303113947067
0.01562303113947067
0.01978053731213322
0.014983414814948293
0.01562303113947067
0.013704182173695463
0.01722207196213545
0.01946072914111389
0.015303222976884877
0.01402399033303451
0.016902263796304617
0.013704182173695463
0.01594283930270561
0.014663606653660993
0.01562303113947067
0.019140920970742888
0.02137957817695229
0.010186292463851734
0.01562303113947067
0.018821112801020272
0.020100345483800804
0.014663606653660993
0.014983414814948293
0.015303222976884877
0.011785333231304266
0.018821112801020272
0.013384374015005973
0.016902263796304617
0.01306456585696611
0.013384374015005973
0.01594283930270561
0.017861688295743455
0.016902263796304617
0.014983414814948293
0.016582455631122654
0.014983414814948293
0.011785333231304266
0.015303222976884877
0.01562303113947067
0.016902263796304617
0.01146552507651355
0.019140920970742888
0.018821112801020272
0.015303222976884877
0.018821112801020272
0.01722207196213545
0.01306456585696611
0.015303222976884877
0.013704182173695463
0.011785333231304266
0.01434379849302304
0.018821112801020272
0.017541880128615087
0.014663606653660993
0.014983414814948293
0.01626264746658963
0.018501304631946113
0.011785333231304266
0.015303222976884877
0.01562303113947067
0.01434379849302304
0.012105141386744945
0.014983414814948293
0.01722207196213545
0.01434379849302304
0.02169938635186011
0.02105977000269238
0.01562303113947067
0.014983414814948293
0.01626264746658963
0.020739961829080448
0.010186292463851734
0.018181496463520484