0.022978619057969125
0.018181496463520484
0.03321248107947184
0.02169938635186011
0.025537084501266027
0.03385209747778179
0.03289267288128489
0.02393804359435059
0.02457765995517516
0.03097382370571989
0.03353228927830416
0.02457765995517516
0.028415358174470287
0.01978053731213322
0.03641056309682561
0.03193324829059697
0.022978619057969125
0.02905497455340564
0.032253056486847384
0.025537084501266027
0.027775741798120538
0.030334207319030995
0.024257851774439225
0.025217276318588628
0.028095549985972176
0.02969459093492606
0.027136125424356953
0.02137957817695229
0.02169938635186011
0.02457765995517516
0.031293631900033154
0.02457765995517516
0.022658810880470347
0.0287351663636148
0.01978053731213322
0.02969459093492606
0.02969459093492606
0.0316134400949922
0.024897468136558316
0.02681631723844514
0.02745593361091544
0.03385209747778179
0.030334207319030995
0.028095549985972176
0.01722207196213545
0.027136125424356953
0.03193324829059697
0.035770946688195145
0.019140920970742888
0.02201919452741577
0.03385209747778179
0.036090754892188
0.02905497455340564
0.02681631723844514
0.030014399126655496
0.018821112801020272
0.03513133028214399
0.026496509053180073
0.017861688295743455
0.022978619057969125
0.03385209747778179
0.026496509053180073
0.01978053731213322
0.02969459093492606
0.03513133028214399
0.02457765995517516
0.03768979592182224
0.02905497455340564
0.032253056486847384
0.020420153656116567
0.02969459093492606
0.02137957817695229
0.026496509053180073
0.026176700868561817
0.014663606653660993
0.0316134400949922
0.02329842723611547
0.013704182173695463
0.02681631723844514
0.020100345483800804
0.022978619057969125
0.025217276318588628
0.01978053731213322
0.024897468136558316
0.02457765995517516
0.022339002703619208
0.03768979592182224
0.024257851774439225
0.025537084501266027
0.030654015512052477
0.02393804359435059
0.02201919452741577
0.02905497455340564
0.027136125424356953
0.03097382370571989
0.028415358174470287
0.02681631723844514
0.0287351663636148
0.01594283930270561
0.027136125424356953
0.03321248107947184
0.022339002703619208
0.01722207196213545
0.031293631900033154
0.02105977000269238
0.027136125424356953
0.024897468136558316
0.02105977000269238
0.02745593361091544
0.02969459093492606
0.025537084501266027
0.037369987714606284
0.03097382370571989
0.028415358174470287
0.036090754892188
0.03705017950803482
0.030654015512052477
0.02745593361091544
0.018501304631946113
0.02905497455340564
0.020739961829080448
0.026496509053180073
0.03321248107947184
0.02201919452741577
0.02169938635186011
0.01978053731213322
0.028415358174470287
0.03193324829059697
0.030334207319030995
0.024897468136558316
0.028095549985972176
0.0287351663636148
0.03257286468374338
0.029374782743842753
0.02681631723844514
0.015303222976884877
0.022339002703619208
0.03257286468374338
0.035770946688195145
0.03097382370571989
0.025217276318588628
0.01626264746658963
0.022339002703619208
0.032253056486847384
0.018821112801020272
0.022978619057969125
0.01978053731213322
0.016902263796304617
0.03097382370571989
0.020100345483800804
0.01402399033303451
0.020739961829080448
0.03321248107947184
0.0316134400949922
0.026176700868561817
0.03417190567790465
0.02201919452741577
0.027136125424356953
0.03800960412968261
0.026496509053180073
0.029374782743842753
0.01562303113947067
0.030014399126655496
0.03193324829059697
0.027775741798120538
0.03193324829059697
0.030654015512052477
0.025856892684590446
0.02969459093492606
0.02137957817695229
0.03705017950803482
0.02457765995517516
0.032253056486847384
0.026176700868561817
0.025856892684590446
0.028415358174470287
0.03385209747778179
0.020420153656116567
0.02745593361091544
0.02169938635186011
0.02393804359435059
0.025217276318588628
0.028095549985972176
0.020739961829080448
0.025856892684590446
0.022978619057969125
0.022978619057969125
0.02169938635186011
0.019140920970742888
0.026496509053180073
0.024897468136558316
0.03449171387867269
0.017541880128615087
0.02105977000269238
0.03097382370571989
0.024897468136558316
0.02393804359435059
0.03289267288128489
0.03545113848484713
0.023618235414909317
0.02681631723844514
0.03960864517864826
0.030334207319030995
0.04024826160274303
0.025217276318588628
0.02169938635186011
0.022658810880470347
0.01946072914111389
0.024897468136558316
0.032253056486847384
0.016582455631122654
0.022658810880470347
0.028095549985972176
0.02201919452741577
0.02105977000269238
0.026496509053180073
0.017541880128615087
0.02969459093492606
0.039928453390373674
0.018181496463520484
0.01562303113947067
0.018501304631946113
0.036090754892188
0.03449171387867269
0.02457765995517516
0.03353228927830416
0.028095549985972176
0.03449171387867269
0.022658810880470347
0.028415358174470287
0.030654015512052477
0.03289267288128489
0.02681631723844514
0.022658810880470347
0.019140920970742888
0.03289267288128489
0.02169938635186011
0.024257851774439225
0.025217276318588628
0.02329842723611547
0.02745593361091544
0.03832941233818732
0.02905497455340564
0.03705017950803482
0.01978053731213322
0.022339002703619208
0.02169938635186011
0.03513133028214399
0.025217276318588628
0.03289267288128489
0.03321248107947184
0.03641056309682561
0.020100345483800804
0.025856892684590446
0.03513133028214399
0.026496509053180073
0.013384374015005973
0.017861688295743455
0.020420153656116567
0.027775741798120538
0.027775741798120538
0.01722207196213545
0.022339002703619208
0.02905497455340564
0.024897468136558316
0.024257851774439225
0.024897468136558316
0.018501304631946113
0.028415358174470287
0.030014399126655496
0.028415358174470287
0.018501304631946113
0.024257851774439225
0.025856892684590446
0.02681631723844514
0.02137957817695229
0.02169938635186011
0.022339002703619208
0.024897468136558316
0.017861688295743455
0.01946072914111389
0.02137957817695229
0.02329842723611547
0.03321248107947184
0.0287351663636148
0.030654015512052477
0.025217276318588628
0.02745593361091544
0.036090754892188
0.028095549985972176
0.01946072914111389
0.025856892684590446
0.025217276318588628
0.026496509053180073
0.03545113848484713
0.028415358174470287
0.026496509053180073
0.03385209747778179
0.02169938635186011
0.0316134400949922
0.02393804359435059
0.019140920970742888
0.015303222976884877
0.018501304631946113
0.03864922054733631
0.041207686243713994
0.027775741798120538
0.035770946688195145
0.020100345483800804
0.03449171387867269
0.03353228927830416
0.025537084501266027
0.01946072914111389
0.02137957817695229
0.03097382370571989
0.022658810880470347
0.025537084501266027
0.041207686243713994
0.02905497455340564
0.03513133028214399
0.02905497455340564
0.025217276318588628
0.01626264746658963
0.018821112801020272
0.02969459093492606
0.030334207319030995
0.03321248107947184
0.02329842723611547
0.0316134400949922
0.03193324829059697
0.03800960412968261
0.029374782743842753
0.025217276318588628
0.026496509053180073
0.03097382370571989
0.02169938635186011
0.02681631723844514
0.018821112801020272
0.03321248107947184
0.025856892684590446
0.034811522080085824
0.0287351663636148
0.02105977000269238
0.0415274944586584
0.02169938635186011
0.032253056486847384
0.023618235414909317
0.02169938635186011
0.02681631723844514
0.020739961829080448
0.034811522080085824
0.0287351663636148
0.035770946688195145
0.024257851774439225
0.03705017950803482
0.029374782743842753
0.03193324829059697
0.03513133028214399
0.023618235414909317
0.024897468136558316
0.029374782743842753
0.027136125424356953
0.01978053731213322
0.020420153656116567
0.022658810880470347
0.02969459093492606
0.03417190567790465
0.02745593361091544
0.018821112801020272
0.028415358174470287
0.02393804359435059
0.030014399126655496
0.024897468136558316
0.031293631900033154
0.028415358174470287
0.02169938635186011
0.03417190567790465
0.03545113848484713
0.03289267288128489
0.030654015512052477
0.028095549985972176
0.029374782743842753
0.0287351663636148
0.025217276318588628
0.025856892684590446
0.0287351663636148
0.024897468136558316
0.03097382370571989
0.026496509053180073
0.020420153656116567
0.032253056486847384
0.03513133028214399
0.025217276318588628
0.020100345483800804
0.022339002703619208
0.02681631723844514
0.02681631723844514
0.02905497455340564
0.03321248107947184
0.02905497455340564
0.017861688295743455
0.03768979592182224
0.024257851774439225
0.03257286468374338
0.02905497455340564
0.024257851774439225
0.03513133028214399
0.03705017950803482
0.031293631900033154
0.03097382370571989
0.02105977000269238
0.025856892684590446
0.028095549985972176
0.017541880128615087
0.03257286468374338
0.02393804359435059
0.026176700868561817
0.027136125424356953
0.0287351663636148
0.01978053731213322
0.026496509053180073
0.03321248107947184
0.023618235414909317
0.027136125424356953
0.019140920970742888
0.018821112801020272
0.020739961829080448
0.030334207319030995
0.027775741798120538
0.02681631723844514
0.03257286468374338
0.03417190567790465
0.020739961829080448
0.02137957817695229
0.036730371302107906
0.02457765995517516
0.030014399126655496
0.01434379849302304
0.01946072914111389
0.0316134400949922
0.031293631900033154
0.02905497455340564
0.022339002703619208
0.028095549985972176
0.02137957817695229
0.028095549985972176
0.026496509053180073
0.024897468136558316
0.01626264746658963
0.022978619057969125
0.020100345483800804
0.031293631900033154
0.026496509053180073
0.029374782743842753
0.03257286468374338
0.02169938635186011
0.025856892684590446
0.03385209747778179
0.03449171387867269
0.018501304631946113
0.028095549985972176
0.028095549985972176
0.01946072914111389
0.022978619057969125
0.013704182173695463
0.037369987714606284
0.022339002703619208
0.02969459093492606
0.025537084501266027
0.018821112801020272
0.03289267288128489
0.02105977000269238
0.025217276318588628
0.020739961829080448
0.02745593361091544
0.02201919452741577
0.026496509053180073
0.028415358174470287
0.02905497455340564
0.02745593361091544
0.026176700868561817
0.03193324829059697
0.0287351663636148
0.020420153656116567
0.03545113848484713
0.03641056309682561
0.02745593361091544
0.016902263796304617
0.022339002703619208
0.018501304631946113
0.03768979592182224
0.02393804359435059
0.019140920970742888
0.032253056486847384
0.03896902875712951
0.027775741798120538
0.034811522080085824
0.020739961829080448
0.028415358174470287
0.02393804359435059
0.025217276318588628
0.03097382370571989
0.025856892684590446
0.028095549985972176
0.02745593361091544
0.028415358174470287
0.02457765995517516
0.02457765995517516
0.026496509053180073
0.030334207319030995
0.03321248107947184
0.02201919452741577
0.01562303113947067
0.020420153656116567
0.01946072914111389
0.029374782743842753
0.026176700868561817
0.03513133028214399
0.032253056486847384
0.022658810880470347
0.030334207319030995
0.013704182173695463
0.035770946688195145
0.02681631723844514
0.035770946688195145
0.0287351663636148
0.018821112801020272
0.02169938635186011
0.017861688295743455
0.02137957817695229
0.02393804359435059
0.022978619057969125
0.020420153656116567
0.020100345483800804
0.018501304631946113
0.028095549985972176
0.02105977000269238
0.02745593361091544
0.025217276318588628
0.020100345483800804
0.02681631723844514
0.03832941233818732
0.03289267288128489
0.02201919452741577
0.02201919452741577
0.030014399126655496
0.02457765995517516
0.02201919452741577
0.019140920970742888
0.026496509053180073
0.02745593361091544
0.026176700868561817
0.03321248107947184
0.025217276318588628
0.030334207319030995
0.02681631723844514
0.017861688295743455
0.0316134400949922
0.016902263796304617
0.022658810880470347
0.018501304631946113
0.02969459093492606
0.01402399033303451
0.020739961829080448
0.02105977000269238
0.030014399126655496
0.022978619057969125
0.01978053731213322
0.019140920970742888
0.02457765995517516
0.030334207319030995
0.025856892684590446
0.032253056486847384
0.025537084501266027
0.025537084501266027
0.024897468136558316
0.03257286468374338
0.02201919452741577
0.03545113848484713
0.03097382370571989
0.0316134400949922
0.026496509053180073
0.03193324829059697
0.024897468136558316
0.018181496463520484
0.02969459093492606
0.025537084501266027
0.027775741798120538
0.02393804359435059
0.030334207319030995
0.01722207196213545
0.022978619057969125
0.030334207319030995
0.03545113848484713
0.03289267288128489
0.022339002703619208
0.020100345483800804
0.023618235414909317
0.034811522080085824
0.022658810880470347
0.01978053731213322
0.03705017950803482
0.016582455631122654
0.028095549985972176
0.02329842723611547
0.030334207319030995
0.013384374015005973
0.02457765995517516
0.031293631900033154
0.03097382370571989
0.02969459093492606
0.035770946688195145
0.036730371302107906
0.022978619057969125
0.02905497455340564
0.017861688295743455
0.02457765995517516
0.031293631900033154
0.020420153656116567
0.020100345483800804
0.02393804359435059
0.024257851774439225
0.027136125424356953
0.03193324829059697
0.02201919452741577
0.026176700868561817
0.027775741798120538
0.031293631900033154
0.039288836967566854
0.0316134400949922
0.01978053731213322
0.02137957817695229
0.02745593361091544
0.024897468136558316
0.03257286468374338
0.022339002703619208
0.023618235414909317
0.030334207319030995
0.022978619057969125
0.018181496463520484
0.025537084501266027
0.02745593361091544
0.01594283930270561
0.030334207319030995
0.030014399126655496
0.018821112801020272
0.028095549985972176
0.02905497455340564
0.02137957817695229
0.034811522080085824
0.028415358174470287
0.02905497455340564
0.028415358174470287
0.018181496463520484
0.032253056486847384
0.02681631723844514
0.02457765995517516
0.02137957817695229
0.027775741798120538
0.025217276318588628
0.01722207196213545
0.024897468136558316
0.029374782743842753
0.028415358174470287
0.034811522080085824
0.01946072914111389
0.025856892684590446
0.026176700868561817
0.025856892684590446
0.02905497455340564
0.02329842723611547
0.028095549985972176
0.028095549985972176
0.02201919452741577
0.031293631900033154
0.026496509053180073
0.03353228927830416
0.031293631900033154
0.025856892684590446
0.030014399126655496
0.03321248107947184
0.020420153656116567
0.02169938635186011
0.02393804359435059
0.03768979592182224
0.03097382370571989
0.026176700868561817
0.023618235414909317
0.028095549985972176
0.03097382370571989
0.027775741798120538
0.02329842723611547
0.03417190567790465
0.022658810880470347
0.026496509053180073
0.0287351663636148
0.026496509053180073
0.02137957817695229
0.02681631723844514
0.027775741798120538
0.036090754892188
0.017861688295743455
0.022978619057969125
0.03513133028214399
0.0316134400949922
0.027775741798120538
0.023618235414909317
0.02329842723611547
0.02905497455340564
0.03417190567790465
0.02745593361091544
0.027775741798120538
0.02137957817695229
0.02681631723844514
0.030654015512052477
0.025856892684590446
0.02681631723844514
0.024257851774439225
0.03321248107947184
0.02393804359435059
0.01978053731213322
0.03289267288128489
0.016902263796304617
0.04024826160274303
0.029374782743842753
0.030334207319030995
0.022978619057969125
0.020420153656116567
0.02169938635186011
0.03545113848484713
0.025217276318588628
0.028415358174470287
0.028095549985972176
0.026496509053180073
0.020739961829080448
0.02969459093492606
0.026496509053180073
0.028415358174470287
0.025537084501266027
0.03353228927830416
0.02905497455340564
0.022658810880470347
0.034811522080085824
0.04056806981575624
0.029374782743842753
0.030014399126655496
0.029374782743842753
0.02969459093492606
0.03321248107947184
0.01722207196213545
0.028095549985972176
0.02457765995517516
0.017541880128615087
0.03641056309682561
0.03705017950803482
0.032253056486847384
0.02745593361091544
0.0287351663636148
0.028415358174470287
0.020739961829080448
0.024897468136558316
0.029374782743842753
0.02169938635186011
0.0287351663636148
0.022339002703619208
0.015303222976884877
0.02201919452741577
0.028415358174470287
0.022978619057969125
0.0287351663636148
0.02969459093492606
0.032253056486847384
0.025537084501266027
0.02201919452741577
0.025856892684590446
0.025537084501266027
0.03864922054733631
0.022339002703619208
0.030014399126655496
0.027136125424356953
0.03417190567790465
0.03289267288128489
0.027775741798120538
0.03097382370571989
0.030334207319030995
0.030014399126655496
0.022658810880470347
0.03417190567790465
0.024897468136558316
0.02457765995517516
0.04088787802941326
0.025537084501266027
0.022658810880470347
0.022978619057969125
0.02457765995517516
0.0316134400949922
0.026496509053180073
0.029374782743842753
0.017541880128615087
0.03545113848484713
0.03097382370571989
0.034811522080085824
0.023618235414909317
0.022339002703619208
0.014983414814948293
0.025856892684590446
0.030334207319030995
0.03289267288128489
0.022978619057969125
0.02905497455340564
0.02457765995517516
0.024257851774439225
0.020739961829080448
0.024257851774439225
0.03097382370571989
0.016902263796304617
0.02393804359435059
0.034811522080085824
0.03193324829059697
0.023618235414909317
0.02905497455340564
0.026496509053180073
0.020100345483800804
0.029374782743842753
0.01946072914111389
0.022978619057969125
0.03800960412968261
0.020739961829080448
0.020739961829080448
0.02905497455340564
0.02969459093492606
0.036090754892188
0.022978619057969125
0.02969459093492606
0.019140920970742888
0.020420153656116567
0.030654015512052477
0.030334207319030995
0.02393804359435059
0.025856892684590446
0.02905497455340564
0.0287351663636148
0.028415358174470287
0.032253056486847384
0.02681631723844514
0.022658810880470347
0.028415358174470287
0.022339002703619208
0.012744757699575938
0.02905497455340564
0.02169938635186011
0.03289267288128489
0.03449171387867269
0.028095549985972176
0.029374782743842753
0.01978053731213322
0.030654015512052477
0.01978053731213322
0.01626264746658963
0.025537084501266027
0.02969459093492606
0.032253056486847384
0.02969459093492606
0.022658810880470347
0.02681631723844514
0.026496509053180073
0.020420153656116567
0.0316134400949922
0.0287351663636148
0.034811522080085824
0.024257851774439225
0.027775741798120538
0.020420153656116567
0.018181496463520484
0.025217276318588628
0.02105977000269238
0.0316134400949922
0.03321248107947184
0.029374782743842753
0.02905497455340564
0.025217276318588628
0.022978619057969125
0.03417190567790465
0.020100345483800804
0.025217276318588628
0.02745593361091544
0.02745593361091544
0.024897468136558316
0.03257286468374338
0.027775741798120538
0.029374782743842753
0.022339002703619208
0.025856892684590446
0.025217276318588628
0.030654015512052477
0.02137957817695229
0.028415358174470287
0.027136125424356953
0.023618235414909317
0.020100345483800804
0.03832941233818732
0.027136125424356953
0.028415358174470287
0.02169938635186011
0.03289267288128489
0.032253056486847384
0.0418473026742464
0.026496509053180073
0.020739961829080448
0.02745593361091544
0.03513133028214399
0.02905497455340564
0.036090754892188
0.016902263796304617
0.027775741798120538
0.02969459093492606
0.02905497455340564
0.02169938635186011
0.022339002703619208
0.030334207319030995
0.030014399126655496
0.030014399126655496
0.023618235414909317
0.022978619057969125
0.020420153656116567
0.03097382370571989
0.029374782743842753
0.025217276318588628
0.02169938635186011
0.027775741798120538
0.02745593361091544
0.026496509053180073
0.028415358174470287
0.030654015512052477
0.01946072914111389
0.02745593361091544
0.02329842723611547
0.028095549985972176
0.030334207319030995
0.03353228927830416
0.02681631723844514
0.020420153656116567
0.03321248107947184
0.02681631723844514
0.02169938635186011
0.03513133028214399
0.031293631900033154
0.03385209747778179
0.025856892684590446
0.026496509053180073
0.03705017950803482
0.026496509053180073
0.030334207319030995
0.019140920970742888
0.025537084501266027
0.027136125424356953
0.01562303113947067
0.036090754892188
0.022658810880470347
0.018821112801020272
0.022978619057969125
0.02905497455340564
0.020739961829080448
0.03193324829059697
0.03832941233818732
0.024897468136558316
0.025537084501266027
0.022658810880470347
0.036730371302107906
0.028095549985972176
0.025856892684590446
0.027775741798120538
0.025537084501266027
0.028415358174470287
0.03896902875712951
0.0415274944586584
0.03289267288128489
0.02393804359435059
0.029374782743842753
0.02969459093492606
0.03449171387867269
0.03097382370571989
0.03353228927830416
0.02969459093492606
0.0287351663636148
0.03385209747778179
0.0287351663636148
0.028095549985972176
0.027775741798120538
0.02457765995517516
0.02393804359435059
0.02169938635186011
0.03097382370571989
0.03768979592182224
0.016902263796304617
0.02137957817695229
0.025537084501266027
0.025856892684590446
0.03513133028214399
0.027775741798120538
0.03097382370571989
0.03097382370571989
0.02201919452741577
0.03800960412968261
0.028415358174470287
0.03321248107947184
0.024257851774439225
0.020420153656116567
0.024257851774439225
0.020420153656116567
0.028415358174470287
0.03289267288128489
0.025537084501266027
0.025217276318588628
0.022978619057969125
0.042167110890477914
0.01434379849302304
0.025537084501266027
0.03097382370571989
0.0287351663636148
0.022658810880470347
0.026496509053180073
0.0287351663636148
0.01946072914111389
0.025537084501266027
0.019140920970742888
0.028095549985972176
0.02681631723844514
0.023618235414909317
0.03800960412968261
0.020420153656116567
0.03193324829059697
0.02329842723611547
0.020739961829080448
0.018821112801020272
0.02393804359435059
0.02969459093492606
0.03289267288128489
0.025856892684590446
0.01562303113947067
0.02329842723611547
0.03641056309682561
0.027775741798120538
0.030654015512052477
0.03353228927830416
0.03097382370571989
0.027136125424356953
0.027136125424356953
0.022978619057969125
0.025537084501266027
0.03321248107947184
0.028095549985972176
0.03417190567790465
0.02137957817695229
0.018181496463520484
0.03257286468374338
0.02201919452741577
0.02681631723844514
0.02457765995517516
0.0316134400949922
0.03449171387867269
0.02905497455340564
0.02681631723844514
0.01946072914111389
0.02105977000269238
0.022658810880470347
0.022978619057969125
0.02393804359435059
0.02969459093492606
0.028095549985972176
0.016902263796304617
0.022658810880470347
0.03353228927830416
0.032253056486847384
0.020420153656116567
0.03257286468374338
0.019140920970742888
0.02969459093492606
0.02681631723844514
0.02393804359435059
0.02169938635186011
0.03321248107947184
0.031293631900033154
0.02105977000269238
0.01978053731213322
0.01594283930270561
0.022658810880470347
0.028095549985972176
0.020420153656116567
0.02969459093492606
0.027136125424356953
0.020100345483800804
0.02329842723611547
0.028095549985972176
0.024257851774439225
0.019140920970742888
0.028095549985972176
0.03097382370571989
0.024257851774439225
0.02393804359435059
0.02393804359435059
0.029374782743842753
0.027775741798120538
0.020739961829080448
0.03193324829059697
0.030654015512052477
0.012105141386744945
0.02201919452741577
0.026496509053180073
0.028415358174470287
0.02329842723611547
0.018821112801020272
0.03545113848484713
0.022339002703619208
0.034811522080085824
0.032253056486847384
0.03257286468374338
0.030334207319030995
0.02457765995517516
0.023618235414909317
0.018181496463520484
0.025856892684590446
0.01594283930270561
0.0287351663636148
0.03513133028214399
0.031293631900033154
0.030334207319030995
0.03417190567790465
0.03353228927830416
0.029374782743842753
0.018821112801020272
0.0316134400949922
0.017541880128615087
0.029374782743842753
0.020420153656116567
0.030014399126655496
0.01946072914111389
0.026496509053180073
0.01946072914111389
0.02745593361091544
0.030334207319030995
0.026496509053180073
0.020100345483800804
0.039928453390373674
0.02745593361091544
0.02393804359435059
0.027775741798120538
0.02745593361091544
0.024257851774439225
0.03193324829059697
0.0316134400949922
0.01594283930270561
0.020739961829080448
0.024257851774439225
0.02137957817695229
0.019140920970742888
0.010186292463851734
0.024257851774439225
0.027136125424356953
0.02201919452741577
0.0287351663636148
0.0287351663636148
0.030334207319030995
0.030334207319030995
0.02457765995517516
0.030654015512052477
0.022339002703619208
0.01946072914111389
0.02393804359435059
0.018501304631946113
0.01946072914111389
0.03289267288128489
0.023618235414909317
0.027136125424356953
0.025217276318588628
0.022978619057969125
0.026176700868561817
0.03097382370571989
0.024257851774439225
0.03513133028214399
0.025537084501266027
0.03513133028214399
0.02393804359435059
0.02681631723844514
0.020739961829080448
0.03321248107947184
0.02745593361091544
0.030334207319030995
0.028095549985972176
0.013384374015005973
0.02905497455340564
0.029374782743842753
0.032253056486847384
0.02201919452741577
0.0287351663636148
0.03097382370571989
0.018181496463520484
0.029374782743842753
0.03289267288128489
0.025537084501266027
0.0316134400949922
0.019140920970742888
0.03832941233818732
0.035770946688195145
0.03385209747778179
0.030014399126655496
0.02745593361091544
0.02681631723844514
0.035770946688195145
0.03097382370571989
0.017861688295743455
0.02905497455340564
0.02329842723611547
0.02745593361091544
0.02393804359435059
0.01594283930270561
0.01946072914111389
0.02457765995517516
0.02969459093492606
0.02745593361091544
0.03545113848484713
0.028415358174470287
0.0287351663636148
0.03321248107947184
0.031293631900033154
0.03545113848484713
0.027775741798120538
0.035770946688195145
0.03768979592182224
0.02457765995517516
0.02457765995517516
0.023618235414909317
0.030334207319030995
0.02969459093492606
0.02329842723611547
0.02745593361091544
0.03705017950803482
0.030334207319030995
0.0287351663636148
0.022339002703619208
0.02201919452741577
0.036090754892188
0.01946072914111389
0.025217276318588628
0.03449171387867269
0.029374782743842753
0.04056806981575624
0.03257286468374338
0.03864922054733631
0.01946072914111389
0.014663606653660993
0.023618235414909317
0.0287351663636148
0.03385209747778179
0.016582455631122654
0.03097382370571989
0.02201919452741577
0.022339002703619208
0.032253056486847384
0.023618235414909317
0.03832941233818732
0.030654015512052477
0.01946072914111389
0.027775741798120538
0.02137957817695229
0.020420153656116567
0.022339002703619208
0.022978619057969125
0.023618235414909317
0.035770946688195145
0.03545113848484713
0.022339002703619208
0.029374782743842753
0.036090754892188
0.02329842723611547
0.02969459093492606
0.02329842723611547
0.023618235414909317
0.02105977000269238
0.027136125424356953
0.02905497455340564
0.025856892684590446
0.03385209747778179
0.014663606653660993
0.025856892684590446
0.030654015512052477
0.022978619057969125
0.031293631900033154
0.03705017950803482
0.020420153656116567
0.01402399033303451
0.02969459093492606
0.024897468136558316
0.027775741798120538
0.030334207319030995
0.014983414814948293
0.025537084501266027
0.020100345483800804
0.02169938635186011
0.026176700868561817
0.02329842723611547
0.028095549985972176
0.02681631723844514
0.02169938635186011
0.02681631723844514
0.030654015512052477
0.03289267288128489
0.024257851774439225
0.018181496463520484
0.022658810880470347
0.029374782743842753
0.03289267288128489
0.024897468136558316
0.025537084501266027
0.018181496463520484
0.028415358174470287
0.02745593361091544
0.015303222976884877
0.02969459093492606
0.027136125424356953
0.023618235414909317
0.02681631723844514
0.019140920970742888
0.020420153656116567
0.018501304631946113
0.022658810880470347
0.02745593361091544
0.024897468136558316
0.026496509053180073
0.017861688295743455
0.02681631723844514
0.02201919452741577
0.025856892684590446
0.035770946688195145
0.026496509053180073
0.025217276318588628
0.031293631900033154
0.024897468136558316
0.01978053731213322
0.02681631723844514
0.0287351663636148
0.01978053731213322
0.03832941233818732
0.03417190567790465
0.03097382370571989
0.020100345483800804
0.02169938635186011
0.02745593361091544
0.014983414814948293
0.019140920970742888
0.02905497455340564
0.022978619057969125
0.018821112801020272
0.03417190567790465
0.025856892684590446
0.02745593361091544
0.0316134400949922
0.03800960412968261
0.030654015512052477
0.03449171387867269
0.01978053731213322
0.02201919452741577
0.02681631723844514
0.03193324829059697
0.030654015512052477
0.027775741798120538
0.018821112801020272
0.032253056486847384
0.022978619057969125
0.0287351663636148
0.030654015512052477
0.024257851774439225
0.02457765995517516
0.03321248107947184
0.032253056486847384
0.025217276318588628
0.024257851774439225
0.023618235414909317
0.026496509053180073
0.012744757699575938
0.031293631900033154
0.032253056486847384
0.028415358174470287
0.036730371302107906
0.0316134400949922
0.030654015512052477
0.028095549985972176
0.03832941233818732
0.0287351663636148
0.03097382370571989
0.0287351663636148
0.025856892684590446
0.037369987714606284
0.027136125424356953
0.026176700868561817
0.032253056486847384
0.032253056486847384
0.025537084501266027
0.02905497455340564
0.03321248107947184
0.026496509053180073
0.019140920970742888
0.023618235414909317
0.03417190567790465
0.022658810880470347
0.025217276318588628
0.01978053731213322
0.020420153656116567
0.024257851774439225
0.018821112801020272
0.026496509053180073
0.028415358174470287
0.02969459093492606
0.02457765995517516
0.02201919452741577
0.022978619057969125
0.024897468136558316
0.028415358174470287
0.02905497455340564
0.01978053731213322
0.02329842723611547
0.03353228927830416
0.02905497455340564
0.022339002703619208
0.022658810880470347
0.025537084501266027
0.02201919452741577
0.027136125424356953
0.027775741798120538
0.03321248107947184
0.02393804359435059
0.025856892684590446
0.020100345483800804
0.024897468136558316
0.03545113848484713
0.02457765995517516
0.025537084501266027
0.027775741798120538
0.018501304631946113
0.028095549985972176
0.02329842723611547
0.022978619057969125
0.029374782743842753
0.03449171387867269
0.015303222976884877
0.028415358174470287
0.03193324829059697
0.03353228927830416
0.02169938635186011
0.022658810880470347
0.026496509053180073
0.02137957817695229
0.02681631723844514
0.02201919452741577
0.02457765995517516
0.022658810880470347
0.02137957817695229
0.026176700868561817
0.025217276318588628
0.027136125424356953
0.026496509053180073
0.025537084501266027
0.01946072914111389
0.01946072914111389
0.022658810880470347
0.022658810880470347
0.026496509053180073
0.018181496463520484
0.02905497455340564
0.03257286468374338
0.02905497455340564
0.03321248107947184
0.0287351663636148
0.01978053731213322
0.025856892684590446
0.02201919452741577
0.014983414814948293
0.02393804359435059
0.027775741798120538
0.0316134400949922
0.022339002703619208
0.027775741798120538
0.027136125424356953
0.027775741798120538
0.022658810880470347
0.025537084501266027
0.02745593361091544
0.02329842723611547
0.020420153656116567
0.026496509053180073
0.027136125424356953
0.018501304631946113
0.03545113848484713
0.03768979592182224
0.022658810880470347
0.02457765995517516
0.02681631723844514
0.03960864517864826
0.01562303113947067
0.03257286468374338