0.018501304631946113
0.015303222976884877
0.026176700868561817
0.015303222976884877
0.017861688295743455
0.02745593361091544
0.02329842723611547
0.020739961829080448
0.01946072914111389
0.022978619057969125
0.02457765995517516
0.018821112801020272
0.02169938635186011
0.01722207196213545
0.027775741798120538
0.024897468136558316
0.020100345483800804
0.022978619057969125
0.023618235414909317
0.01946072914111389
0.020739961829080448
0.023618235414909317
0.01946072914111389
0.018821112801020272
0.022978619057969125
0.02457765995517516
0.02105977000269238
0.017861688295743455
0.017861688295743455
0.019140920970742888
0.025856892684590446
0.018821112801020272
0.016582455631122654
0.022339002703619208
0.014663606653660993
0.025537084501266027
0.020739961829080448
0.024257851774439225
0.020420153656116567
0.020420153656116567
0.018821112801020272
0.025537084501266027
0.02201919452741577
0.02329842723611547
0.014983414814948293
0.020420153656116567
0.02393804359435059
0.0287351663636148
0.01434379849302304
0.01562303113947067
0.028415358174470287
0.026176700868561817
0.02457765995517516
0.01978053731213322
0.02329842723611547
0.014663606653660993
0.026176700868561817
0.020420153656116567
0.01402399033303451
0.018501304631946113
0.026176700868561817
0.02137957817695229
0.017861688295743455
0.02329842723611547
0.027136125424356953
0.01978053731213322
0.030014399126655496
0.024257851774439225
0.024257851774439225
0.016902263796304617
0.023618235414909317
0.018181496463520484
0.02137957817695229
0.02329842723611547
0.01434379849302304
0.025217276318588628
0.01946072914111389
0.011785333231304266
0.022339002703619208
0.018181496463520484
0.020100345483800804
0.02169938635186011
0.01434379849302304
0.020100345483800804
0.018501304631946113
0.018181496463520484
0.0287351663636148
0.020420153656116567
0.02137957817695229
0.025217276318588628
0.01946072914111389
0.015303222976884877
0.022978619057969125
0.02137957817695229
0.02329842723611547
0.023618235414909317
0.02169938635186011
0.022658810880470347
0.013704182173695463
0.020420153656116567
0.025856892684590446
0.01722207196213545
0.015303222976884877
0.024257851774439225
0.016582455631122654
0.02169938635186011
0.020100345483800804
0.017861688295743455
0.022658810880470347
0.02329842723611547
0.018181496463520484
0.025856892684590446
0.022658810880470347
0.020420153656116567
0.026496509053180073
0.028095549985972176
0.02329842723611547
0.02201919452741577
0.016582455631122654
0.022658810880470347
0.01722207196213545
0.017861688295743455
0.02681631723844514
0.01946072914111389
0.01722207196213545
0.01562303113947067
0.02137957817695229
0.02329842723611547
0.022658810880470347
0.020100345483800804
0.020739961829080448
0.020739961829080448
0.024257851774439225
0.02329842723611547
0.02201919452741577
0.015303222976884877
0.018181496463520484
0.02681631723844514
0.02745593361091544
0.02457765995517516
0.02169938635186011
0.012744757699575938
0.016902263796304617
0.024897468136558316
0.016582455631122654
0.01978053731213322
0.01722207196213545
0.013704182173695463
0.025217276318588628
0.017541880128615087
0.012424949542835528
0.01978053731213322
0.02393804359435059
0.022978619057969125
0.02137957817695229
0.027775741798120538
0.017861688295743455
0.022339002703619208
0.03097382370571989
0.018181496463520484
0.019140920970742888
0.01402399033303451
0.024257851774439225
0.024257851774439225
0.020420153656116567
0.025856892684590446
0.022339002703619208
0.020420153656116567
0.022658810880470347
0.01722207196213545
0.028095549985972176
0.01946072914111389
0.024897468136558316
0.02137957817695229
0.01978053731213322
0.024897468136558316
0.025856892684590446
0.017861688295743455
0.02137957817695229
0.017541880128615087
0.020100345483800804
0.017861688295743455
0.020100345483800804
0.015303222976884877
0.01978053731213322
0.02105977000269238
0.01626264746658963
0.015303222976884877
0.013704182173695463
0.020420153656116567
0.02137957817695229
0.024897468136558316
0.01306456585696611
0.017861688295743455
0.02457765995517516
0.020420153656116567
0.018181496463520484
0.025217276318588628
0.025537084501266027
0.017541880128615087
0.02105977000269238
0.0316134400949922
0.02201919452741577
0.030014399126655496
0.019140920970742888
0.01722207196213545
0.018501304631946113
0.017861688295743455
0.02201919452741577
0.025537084501266027
0.01434379849302304
0.015303222976884877
0.020420153656116567
0.01722207196213545
0.016902263796304617
0.01978053731213322
0.01722207196213545
0.026496509053180073
0.03193324829059697
0.015303222976884877
0.013384374015005973
0.013704182173695463
0.02905497455340564
0.026496509053180073
0.019140920970742888
0.024897468136558316
0.020420153656116567
0.027136125424356953
0.018501304631946113
0.02105977000269238
0.024897468136558316
0.02393804359435059
0.017861688295743455
0.018181496463520484
0.01594283930270561
0.02393804359435059
0.01594283930270561
0.019140920970742888
0.020739961829080448
0.01978053731213322
0.02137957817695229
0.025217276318588628
0.02137957817695229
0.029374782743842753
0.017541880128615087
0.01722207196213545
0.01594283930270561
0.024897468136558316
0.017861688295743455
0.024257851774439225
0.02329842723611547
0.026176700868561817
0.014663606653660993
0.020100345483800804
0.027136125424356953
0.018501304631946113
0.008907059861594874
0.01626264746658963
0.018821112801020272
0.020100345483800804
0.018821112801020272
0.01402399033303451
0.016902263796304617
0.01946072914111389
0.018501304631946113
0.016902263796304617
0.017541880128615087
0.01306456585696611
0.02169938635186011
0.02105977000269238
0.02137957817695229
0.01306456585696611
0.01946072914111389
0.02105977000269238
0.02137957817695229
0.01562303113947067
0.01562303113947067
0.017541880128615087
0.01978053731213322
0.01402399033303451
0.018181496463520484
0.015303222976884877
0.018501304631946113
0.02745593361091544
0.02329842723611547
0.02457765995517516
0.02105977000269238
0.020420153656116567
0.028095549985972176
0.01946072914111389
0.016582455631122654
0.018501304631946113
0.01978053731213322
0.017861688295743455
0.025217276318588628
0.02169938635186011
0.019140920970742888
0.025856892684590446
0.014663606653660993
0.020420153656116567
0.020420153656116567
0.01562303113947067
0.011145716922372872
0.01434379849302304
0.02905497455340564
0.030654015512052477
0.02329842723611547
0.025856892684590446
0.01594283930270561
0.024897468136558316
0.024257851774439225
0.02105977000269238
0.015303222976884877
0.016582455631122654
0.024257851774439225
0.01722207196213545
0.02201919452741577
0.02969459093492606
0.02457765995517516
0.02905497455340564
0.020739961829080448
0.018181496463520484
0.01146552507651355
0.014983414814948293
0.022658810880470347
0.022978619057969125
0.025856892684590446
0.018181496463520484
0.025856892684590446
0.02457765995517516
0.0287351663636148
0.022658810880470347
0.022339002703619208
0.02105977000269238
0.025217276318588628
0.015303222976884877
0.020420153656116567
0.01434379849302304
0.025217276318588628
0.01978053731213322
0.024897468136558316
0.02169938635186011
0.01626264746658963
0.03257286468374338
0.018501304631946113
0.02393804359435059
0.018181496463520484
0.017541880128615087
0.02105977000269238
0.014983414814948293
0.025217276318588628
0.02137957817695229
0.0287351663636148
0.020100345483800804
0.028095549985972176
0.01978053731213322
0.02393804359435059
0.025217276318588628
0.018181496463520484
0.018821112801020272
0.02329842723611547
0.01946072914111389
0.016582455631122654
0.01594283930270561
0.018821112801020272
0.02137957817695229
0.028095549985972176
0.020739961829080448
0.014663606653660993
0.01946072914111389
0.01722207196213545
0.02201919452741577
0.02169938635186011
0.022978619057969125
0.020100345483800804
0.01626264746658963
0.02457765995517516
0.028095549985972176
0.025856892684590446
0.02329842723611547
0.022339002703619208
0.022658810880470347
0.020100345483800804
0.01946072914111389
0.01946072914111389
0.02105977000269238
0.018181496463520484
0.024257851774439225
0.02105977000269238
0.015303222976884877
0.023618235414909317
0.02681631723844514
0.018181496463520484
0.016582455631122654
0.017861688295743455
0.02105977000269238
0.020100345483800804
0.022339002703619208
0.026496509053180073
0.024897468136558316
0.014983414814948293
0.02905497455340564
0.020420153656116567
0.026176700868561817
0.022339002703619208
0.018821112801020272
0.028415358174470287
0.02905497455340564
0.024897468136558316
0.024257851774439225
0.017861688295743455
0.01946072914111389
0.022339002703619208
0.01306456585696611
0.024897468136558316
0.01946072914111389
0.019140920970742888
0.020100345483800804
0.022658810880470347
0.014983414814948293
0.022658810880470347
0.02681631723844514
0.020739961829080448
0.02169938635186011
0.019140920970742888
0.01626264746658963
0.016902263796304617
0.025217276318588628
0.02329842723611547
0.02169938635186011
0.025537084501266027
0.025537084501266027
0.016582455631122654
0.018821112801020272
0.027136125424356953
0.016582455631122654
0.022658810880470347
0.012424949542835528
0.017861688295743455
0.024257851774439225
0.024257851774439225
0.022658810880470347
0.018181496463520484
0.022339002703619208
0.016902263796304617
0.022658810880470347
0.01978053731213322
0.018501304631946113
0.013384374015005973
0.01946072914111389
0.018181496463520484
0.025537084501266027
0.020739961829080448
0.02329842723611547
0.026496509053180073
0.017541880128615087
0.017541880128615087
0.026496509053180073
0.02745593361091544
0.01402399033303451
0.02169938635186011
0.022339002703619208
0.01626264746658963
0.016902263796304617
0.01146552507651355
0.02969459093492606
0.018501304631946113
0.022658810880470347
0.018501304631946113
0.017541880128615087
0.025217276318588628
0.018821112801020272
0.01946072914111389
0.018181496463520484
0.02137957817695229
0.018501304631946113
0.02169938635186011
0.022658810880470347
0.02393804359435059
0.022658810880470347
0.02329842723611547
0.024897468136558316
0.02201919452741577
0.01626264746658963
0.026176700868561817
0.02969459093492606
0.022339002703619208
0.013384374015005973
0.017541880128615087
0.01594283930270561
0.028095549985972176
0.01946072914111389
0.015303222976884877
0.022658810880470347
0.0287351663636148
0.022339002703619208
0.027775741798120538
0.016582455631122654
0.02169938635186011
0.01978053731213322
0.020100345483800804
0.02329842723611547
0.019140920970742888
0.02137957817695229
0.020420153656116567
0.02393804359435059
0.01978053731213322
0.02105977000269238
0.019140920970742888
0.02169938635186011
0.025856892684590446
0.017541880128615087
0.012744757699575938
0.018821112801020272
0.014663606653660993
0.022978619057969125
0.02201919452741577
0.026176700868561817
0.02457765995517516
0.016902263796304617
0.02329842723611547
0.012105141386744945
0.02681631723844514
0.018821112801020272
0.02681631723844514
0.023618235414909317
0.01562303113947067
0.017861688295743455
0.01562303113947067
0.016902263796304617
0.018501304631946113
0.017861688295743455
0.016582455631122654
0.017541880128615087
0.013704182173695463
0.020739961829080448
0.017541880128615087
0.019140920970742888
0.01722207196213545
0.016582455631122654
0.019140920970742888
0.028095549985972176
0.026176700868561817
0.016902263796304617
0.018501304631946113
0.02329842723611547
0.018821112801020272
0.01946072914111389
0.01594283930270561
0.02201919452741577
0.020420153656116567
0.01978053731213322
0.026496509053180073
0.020100345483800804
0.02105977000269238
0.01978053731213322
0.014983414814948293
0.024897468136558316
0.015303222976884877
0.017861688295743455
0.014663606653660993
0.022339002703619208
0.010186292463851734
0.018181496463520484
0.01562303113947067
0.022978619057969125
0.01946072914111389
0.01562303113947067
0.014983414814948293
0.016582455631122654
0.02393804359435059
0.019140920970742888
0.025537084501266027
0.018181496463520484
0.02137957817695229
0.020100345483800804
0.024897468136558316
0.01562303113947067
0.025217276318588628
0.022339002703619208
0.02169938635186011
0.02137957817695229
0.022339002703619208
0.017861688295743455
0.012105141386744945
0.022978619057969125
0.01978053731213322
0.02169938635186011
0.018181496463520484
0.022658810880470347
0.01146552507651355
0.018821112801020272
0.02745593361091544
0.027136125424356953
0.025217276318588628
0.019140920970742888
0.020100345483800804
0.018821112801020272
0.029374782743842753
0.019140920970742888
0.01626264746658963
0.02681631723844514
0.014663606653660993
0.020420153656116567
0.018181496463520484
0.02137957817695229
0.010186292463851734
0.020420153656116567
0.02681631723844514
0.023618235414909317
0.02329842723611547
0.026496509053180073
0.02969459093492606
0.017861688295743455
0.020739961829080448
0.013704182173695463
0.01978053731213322
0.02457765995517516
0.014983414814948293
0.017541880128615087
0.020100345483800804
0.01626264746658963
0.020420153656116567
0.025537084501266027
0.01722207196213545
0.02105977000269238
0.02169938635186011
0.02201919452741577
0.02969459093492606
0.024257851774439225
0.013384374015005973
0.016582455631122654
0.02137957817695229
0.018181496463520484
0.025217276318588628
0.018821112801020272
0.01562303113947067
0.02137957817695229
0.017861688295743455
0.013704182173695463
0.020420153656116567
0.022339002703619208
0.012424949542835528
0.02457765995517516
0.022658810880470347
0.016902263796304617
0.02169938635186011
0.022978619057969125
0.01626264746658963
0.026176700868561817
0.023618235414909317
0.02329842723611547
0.02169938635186011
0.016902263796304617
0.025856892684590446
0.018821112801020272
0.02201919452741577
0.017541880128615087
0.02393804359435059
0.020100345483800804
0.01306456585696611
0.02105977000269238
0.022658810880470347
0.02329842723611547
0.025856892684590446
0.015303222976884877
0.020100345483800804
0.019140920970742888
0.01978053731213322
0.02169938635186011
0.017861688295743455
0.022978619057969125
0.02201919452741577
0.01626264746658963
0.02137957817695229
0.02329842723611547
0.02457765995517516
0.024257851774439225
0.020739961829080448
0.02457765995517516
0.02457765995517516
0.016902263796304617
0.018821112801020272
0.01978053731213322
0.029374782743842753
0.02329842723611547
0.020100345483800804
0.018821112801020272
0.022658810880470347
0.025856892684590446
0.01978053731213322
0.01978053731213322
0.025217276318588628
0.016902263796304617
0.01946072914111389
0.02105977000269238
0.020420153656116567
0.01594283930270561
0.020100345483800804
0.020420153656116567
0.025537084501266027
0.01434379849302304
0.018501304631946113
0.026496509053180073
0.024257851774439225
0.02201919452741577
0.01722207196213545
0.019140920970742888
0.020420153656116567
0.024897468136558316
0.024257851774439225
0.02137957817695229
0.017861688295743455
0.018821112801020272
0.022658810880470347
0.02169938635186011
0.020739961829080448
0.01626264746658963
0.02457765995517516
0.01946072914111389
0.01594283930270561
0.025217276318588628
0.01562303113947067
0.029374782743842753
0.02201919452741577
0.02137957817695229
0.018181496463520484
0.01434379849302304
0.014663606653660993
0.027775741798120538
0.019140920970742888
0.020420153656116567
0.02201919452741577
0.020739961829080448
0.015303222976884877
0.02169938635186011
0.01946072914111389
0.02201919452741577
0.01722207196213545
0.02393804359435059
0.022339002703619208
0.019140920970742888
0.028095549985972176
0.030334207319030995
0.022339002703619208
0.02393804359435059
0.022658810880470347
0.025856892684590446
0.027775741798120538
0.01562303113947067
0.02201919452741577
0.02137957817695229
0.015303222976884877
0.026496509053180073
0.028415358174470287
0.026496509053180073
0.020739961829080448
0.02329842723611547
0.02457765995517516
0.01626264746658963
0.01978053731213322
0.020739961829080448
0.017541880128615087
0.02329842723611547
0.01946072914111389
0.010186292463851734
0.017861688295743455
0.02201919452741577
0.01978053731213322
0.02169938635186011
0.024257851774439225
0.02393804359435059
0.019140920970742888
0.019140920970742888
0.02201919452741577
0.01978053731213322
0.03097382370571989
0.020739961829080448
0.02393804359435059
0.02169938635186011
0.027136125424356953
0.025856892684590446
0.02137957817695229
0.02457765995517516
0.025537084501266027
0.02393804359435059
0.020100345483800804
0.025217276318588628
0.022978619057969125
0.019140920970742888
0.030014399126655496
0.01946072914111389
0.016902263796304617
0.017541880128615087
0.020739961829080448
0.023618235414909317
0.02137957817695229
0.022339002703619208
0.01594283930270561
0.027775741798120538
0.02329842723611547
0.026176700868561817
0.01978053731213322
0.016902263796304617
0.012105141386744945
0.02105977000269238
0.022658810880470347
0.02745593361091544
0.017541880128615087
0.024897468136558316
0.01946072914111389
0.01978053731213322
0.017861688295743455
0.020420153656116567
0.025217276318588628
0.014663606653660993
0.01978053731213322
0.027136125424356953
0.023618235414909317
0.01978053731213322
0.02137957817695229
0.02169938635186011
0.017541880128615087
0.022339002703619208
0.01402399033303451
0.018181496463520484
0.030654015512052477
0.01594283930270561
0.016582455631122654
0.02201919452741577
0.02169938635186011
0.0287351663636148
0.020100345483800804
0.024257851774439225
0.01402399033303451
0.015303222976884877
0.02201919452741577
0.022978619057969125
0.019140920970742888
0.022339002703619208
0.022978619057969125
0.02201919452741577
0.022658810880470347
0.02457765995517516
0.02137957817695229
0.017541880128615087
0.022339002703619208
0.01722207196213545
0.00954667616142241
0.022658810880470347
0.018181496463520484
0.025537084501266027
0.02681631723844514
0.020100345483800804
0.02105977000269238
0.01722207196213545
0.025217276318588628
0.016582455631122654
0.012424949542835528
0.018501304631946113
0.02201919452741577
0.025856892684590446
0.025217276318588628
0.019140920970742888
0.02169938635186011
0.022339002703619208
0.01626264746658963
0.02393804359435059
0.020739961829080448
0.02905497455340564
0.02105977000269238
0.02329842723611547
0.01722207196213545
0.01594283930270561
0.02105977000269238
0.017541880128615087
0.024897468136558316
0.027136125424356953
0.02393804359435059
0.020100345483800804
0.018501304631946113
0.017861688295743455
0.02457765995517516
0.01626264746658963
0.020420153656116567
0.02329842723611547
0.022658810880470347
0.016902263796304617
0.025537084501266027
0.022658810880470347
0.02329842723611547
0.017861688295743455
0.020739961829080448
0.018821112801020272
0.022339002703619208
0.015303222976884877
0.019140920970742888
0.018821112801020272
0.017541880128615087
0.01434379849302304
0.02745593361091544
0.020420153656116567
0.02201919452741577
0.017861688295743455
0.025856892684590446
0.025537084501266027
0.032253056486847384
0.018821112801020272
0.01722207196213545
0.020739961829080448
0.026496509053180073
0.02329842723611547
0.02905497455340564
0.013704182173695463
0.02137957817695229
0.02329842723611547
0.020420153656116567
0.01722207196213545
0.01722207196213545
0.022978619057969125
0.024257851774439225
0.023618235414909317
0.018501304631946113
0.016902263796304617
0.018501304631946113
0.026496509053180073
0.02393804359435059
0.018821112801020272
0.017861688295743455
0.022978619057969125
0.022978619057969125
0.020739961829080448
0.022978619057969125
0.022658810880470347
0.01626264746658963
0.02169938635186011
0.018821112801020272
0.02169938635186011
0.025217276318588628
0.025217276318588628
0.022339002703619208
0.01434379849302304
0.026176700868561817
0.02137957817695229
0.018181496463520484
0.025217276318588628
0.024257851774439225
0.02681631723844514
0.01978053731213322
0.020100345483800804
0.026496509053180073
0.02137957817695229
0.02393804359435059
0.01434379849302304
0.020420153656116567
0.02169938635186011
0.012744757699575938
0.029374782743842753
0.017541880128615087
0.017541880128615087
0.01978053731213322
0.022339002703619208
0.016902263796304617
0.025856892684590446
0.028415358174470287
0.01594283930270561
0.020100345483800804
0.01722207196213545
0.0287351663636148
0.020100345483800804
0.020420153656116567
0.022339002703619208
0.020420153656116567
0.020420153656116567
0.02969459093492606
0.030334207319030995
0.025537084501266027
0.019140920970742888
0.02393804359435059
0.02201919452741577
0.024897468136558316
0.024897468136558316
0.025537084501266027
0.02169938635186011
0.02201919452741577
0.025217276318588628
0.02137957817695229
0.018181496463520484
0.020100345483800804
0.02105977000269238
0.01978053731213322
0.015303222976884877
0.024897468136558316
0.030334207319030995
0.01402399033303451
0.016582455631122654
0.020100345483800804
0.019140920970742888
0.02681631723844514
0.020739961829080448
0.023618235414909317
0.025537084501266027
0.01562303113947067
0.029374782743842753
0.01946072914111389
0.02457765995517516
0.019140920970742888
0.01562303113947067
0.01722207196213545
0.014663606653660993
0.02105977000269238
0.025856892684590446
0.02169938635186011
0.01978053731213322
0.01946072914111389
0.03097382370571989
0.010506100616041895
0.02169938635186011
0.02393804359435059
0.02329842723611547
0.018181496463520484
0.02201919452741577
0.02169938635186011
0.014983414814948293
0.022658810880470347
0.014983414814948293
0.02201919452741577
0.02169938635186011
0.018821112801020272
0.030654015512052477
0.014663606653660993
0.02393804359435059
0.016902263796304617
0.016902263796304617
0.01594283930270561
0.018821112801020272
0.024897468136558316
0.025217276318588628
0.019140920970742888
0.012744757699575938
0.017541880128615087
0.027136125424356953
0.02169938635186011
0.02329842723611547
0.025217276318588628
0.025537084501266027
0.01626264746658963
0.020420153656116567
0.018181496463520484
0.020420153656116567
0.02457765995517516
0.02169938635186011
0.02457765995517516
0.013704182173695463
0.01562303113947067
0.024257851774439225
0.016902263796304617
0.020420153656116567
0.020420153656116567
0.024897468136558316
0.026496509053180073
0.022978619057969125
0.02105977000269238
0.01562303113947067
0.01434379849302304
0.01722207196213545
0.01722207196213545
0.018821112801020272
0.02457765995517516
0.02457765995517516
0.014983414814948293
0.01594283930270561
0.02745593361091544
0.026176700868561817
0.01722207196213545
0.025537084501266027
0.015303222976884877
0.02169938635186011
0.020739961829080448
0.01946072914111389
0.01978053731213322
0.025856892684590446
0.025217276318588628
0.018181496463520484
0.014983414814948293
0.013704182173695463
0.018501304631946113
0.02393804359435059
0.018181496463520484
0.02329842723611547
0.02137957817695229
0.01562303113947067
0.017861688295743455
0.02169938635186011
0.019140920970742888
0.015303222976884877
0.02329842723611547
0.02457765995517516
0.01946072914111389
0.020100345483800804
0.018821112801020272
0.022658810880470347
0.02169938635186011
0.018501304631946113
0.025856892684590446
0.02393804359435059
0.012424949542835528
0.018821112801020272
0.022658810880470347
0.02169938635186011
0.01626264746658963
0.01402399033303451
0.025856892684590446
0.01722207196213545
0.02905497455340564
0.024257851774439225
0.024257851774439225
0.02137957817695229
0.020100345483800804
0.01946072914111389
0.01594283930270561
0.02169938635186011
0.01434379849302304
0.022339002703619208
0.02969459093492606
0.02457765995517516
0.02329842723611547
0.02745593361091544
0.026496509053180073
0.020420153656116567
0.012744757699575938
0.024257851774439225
0.01562303113947067
0.02201919452741577
0.016902263796304617
0.025217276318588628
0.01594283930270561
0.019140920970742888
0.01978053731213322
0.023618235414909317
0.024257851774439225
0.02169938635186011
0.01626264746658963
0.029374782743842753
0.02137957817695229
0.01946072914111389
0.022978619057969125
0.02393804359435059
0.02329842723611547
0.025217276318588628
0.025537084501266027
0.013384374015005973
0.016902263796304617
0.017861688295743455
0.01626264746658963
0.01626264746658963
0.007627827269747359
0.022339002703619208
0.02201919452741577
0.01594283930270561
0.022978619057969125
0.02105977000269238
0.02393804359435059
0.022978619057969125
0.018181496463520484
0.023618235414909317
0.01946072914111389
0.016902263796304617
0.01722207196213545
0.01434379849302304
0.01594283930270561
0.025856892684590446
0.02105977000269238
0.020420153656116567
0.020420153656116567
0.016582455631122654
0.02105977000269238
0.02457765995517516
0.01978053731213322
0.028095549985972176
0.01978053731213322
0.028095549985972176
0.02105977000269238
0.02137957817695229
0.01978053731213322
0.024257851774439225
0.020100345483800804
0.026496509053180073
0.02329842723611547
0.010506100616041895
0.022658810880470347
0.02329842723611547
0.026496509053180073
0.019140920970742888
0.02201919452741577
0.02393804359435059
0.01722207196213545
0.022658810880470347
0.027136125424356953
0.020739961829080448
0.025217276318588628
0.019140920970742888
0.027136125424356953
0.026496509053180073
0.025217276318588628
0.025217276318588628
0.019140920970742888
0.02329842723611547
0.028415358174470287
0.026176700868561817
0.01562303113947067
0.02457765995517516
0.018181496463520484
0.01978053731213322
0.01946072914111389
0.01434379849302304
0.01562303113947067
0.020739961829080448
0.02329842723611547
0.02201919452741577
0.026496509053180073
0.02105977000269238
0.024257851774439225
0.023618235414909317
0.025217276318588628
0.027136125424356953
0.022339002703619208
0.028415358174470287
0.028415358174470287
0.020420153656116567
0.01946072914111389
0.018181496463520484
0.022978619057969125
0.024257851774439225
0.01978053731213322
0.022658810880470347
0.027775741798120538
0.022658810880470347
0.022978619057969125
0.01402399033303451
0.017861688295743455
0.0287351663636148
0.014983414814948293
0.022339002703619208
0.02745593361091544
0.024257851774439225
0.03097382370571989
0.024897468136558316
0.02905497455340564
0.018501304631946113
0.011785333231304266
0.020100345483800804
0.022978619057969125
0.02457765995517516
0.016582455631122654
0.024257851774439225
0.016902263796304617
0.017861688295743455
0.02329842723611547
0.019140920970742888
0.03097382370571989
0.022658810880470347
0.016582455631122654
0.02201919452741577
0.01562303113947067
0.01626264746658963
0.018501304631946113
0.020100345483800804
0.01978053731213322
0.025856892684590446
0.0287351663636148
0.019140920970742888
0.022978619057969125
0.02905497455340564
0.019140920970742888
0.026496509053180073
0.01978053731213322
0.01946072914111389
0.020739961829080448
0.024257851774439225
0.022339002703619208
0.02137957817695229
0.028415358174470287
0.012744757699575938
0.020420153656116567
0.026496509053180073
0.01946072914111389
0.025856892684590446
0.030654015512052477
0.018501304631946113
0.01306456585696611
0.02393804359435059
0.02105977000269238
0.022978619057969125
0.02457765995517516
0.013384374015005973
0.02137957817695229
0.01946072914111389
0.018821112801020272
0.020100345483800804
0.020420153656116567
0.022978619057969125
0.022339002703619208
0.01626264746658963
0.022658810880470347
0.02457765995517516
0.02393804359435059
0.019140920970742888
0.01594283930270561
0.017541880128615087
0.022658810880470347
0.02393804359435059
0.018821112801020272
0.02169938635186011
0.01562303113947067
0.020739961829080448
0.020739961829080448
0.012424949542835528
0.023618235414909317
0.02457765995517516
0.020100345483800804
0.020420153656116567
0.015303222976884877
0.018821112801020272
0.017861688295743455
0.020420153656116567
0.02329842723611547
0.018501304631946113
0.023618235414909317
0.014983414814948293
0.020420153656116567
0.018181496463520484
0.022658810880470347
0.02969459093492606
0.01946072914111389
0.020420153656116567
0.026176700868561817
0.018821112801020272
0.016902263796304617
0.022339002703619208
0.022658810880470347
0.01562303113947067
0.028415358174470287
0.027136125424356953
0.022339002703619208
0.01594283930270561
0.018501304631946113
0.02169938635186011
0.013704182173695463
0.01722207196213545
0.02329842723611547
0.018501304631946113
0.014663606653660993
0.025537084501266027
0.022339002703619208
0.022658810880470347
0.02681631723844514
0.03097382370571989
0.02745593361091544
0.02681631723844514
0.014983414814948293
0.018181496463520484
0.022658810880470347
0.02681631723844514
0.02393804359435059
0.02169938635186011
0.01594283930270561
0.026496509053180073
0.01978053731213322
0.022978619057969125
0.026496509053180073
0.020100345483800804
0.02105977000269238
0.02681631723844514
0.022658810880470347
0.019140920970742888
0.01978053731213322
0.02105977000269238
0.020100345483800804
0.010186292463851734
0.02329842723611547
0.02457765995517516
0.022658810880470347
0.028095549985972176
0.02393804359435059
0.024897468136558316
0.02137957817695229
0.02969459093492606
0.02329842723611547
0.025217276318588628
0.025856892684590446
0.020420153656116567
0.029374782743842753
0.020100345483800804
0.018821112801020272
0.02393804359435059
0.022978619057969125
0.01978053731213322
0.02457765995517516
0.027136125424356953
0.020420153656116567
0.01562303113947067
0.018181496463520484
0.025537084501266027
0.017861688295743455
0.020739961829080448
0.01626264746658963
0.016582455631122654
0.019140920970742888
0.01722207196213545
0.022339002703619208
0.02329842723611547
0.024897468136558316
0.01978053731213322
0.017541880128615087
0.01946072914111389
0.022978619057969125
0.022658810880470347
0.025537084501266027
0.01722207196213545
0.018501304631946113
0.025856892684590446
0.023618235414909317
0.01946072914111389
0.018821112801020272
0.020100345483800804
0.01722207196213545
0.023618235414909317
0.020420153656116567
0.025217276318588628
0.02201919452741577
0.020420153656116567
0.020420153656116567
0.01978053731213322
0.028095549985972176
0.01946072914111389
0.018821112801020272
0.022978619057969125
0.016582455631122654
0.02137957817695229
0.018181496463520484
0.020420153656116567
0.02329842723611547
0.025856892684590446
0.013704182173695463
0.022978619057969125
0.025856892684590446
0.02745593361091544
0.018181496463520484
0.020420153656116567
0.020100345483800804
0.01594283930270561
0.020739961829080448
0.017541880128615087
0.020420153656116567
0.020420153656116567
0.01722207196213545
0.022658810880470347
0.020739961829080448
0.020420153656116567
0.02137957817695229
0.02137957817695229
0.017861688295743455
0.01434379849302304
0.016582455631122654
0.018821112801020272
0.022658810880470347
0.014663606653660993
0.02201919452741577
0.02393804359435059
0.022339002703619208
0.023618235414909317
0.024257851774439225
0.01594283930270561
0.022978619057969125
0.016902263796304617
0.01402399033303451
0.01978053731213322
0.022658810880470347
0.02393804359435059
0.020420153656116567
0.020420153656116567
0.020100345483800804
0.022658810880470347
0.018821112801020272
0.020100345483800804
0.022339002703619208
0.018181496463520484
0.01434379849302304
0.02201919452741577
0.024257851774439225
0.017541880128615087
0.026496509053180073
0.02905497455340564
0.01626264746658963
0.018821112801020272
0.022658810880470347
0.031293631900033154
0.01434379849302304
0.024257851774439225