0.03545113848484713
0.03545113848484713
0.046004809535426024
0.030014399126655496
0.04440576842211145
0.04760385066480641
0.03960864517864826
0.03257286468374338
0.037369987714606284
0.0316134400949922
0.04440576842211145
0.02969459093492606
0.03832941233818732
0.0287351663636148
0.043766151981285965
0.03289267288128489
0.030014399126655496
0.03832941233818732
0.04024826160274303
0.03800960412968261
0.03385209747778179
0.03960864517864826
0.03705017950803482
0.03289267288128489
0.03353228927830416
0.04056806981575624
0.030014399126655496
0.03768979592182224
0.030014399126655496
0.03097382370571989
0.046644425985250766
0.026496509053180073
0.0287351663636148
0.03896902875712951
0.027775741798120538
0.03832941233818732
0.035770946688195145
0.03385209747778179
0.037369987714606284
0.03800960412968261
0.03800960412968261
0.04024826160274303
0.039928453390373674
0.030014399126655496
0.03321248107947184
0.035770946688195145
0.032253056486847384
0.04824346712105507
0.03257286468374338
0.03289267288128489
0.05016231650521052
0.043766151981285965
0.04312653554303293
0.03193324829059697
0.035770946688195145
0.027136125424356953
0.04856327535014267
0.028415358174470287
0.027136125424356953
0.03097382370571989
0.04504538486550883
0.03896902875712951
0.029374782743842753
0.03800960412968261
0.03864922054733631
0.03321248107947184
0.039928453390373674
0.03960864517864826
0.04568500131147757
0.027136125424356953
0.03545113848484713
0.03800960412968261
0.04440576842211145
0.04312653554303293
0.025217276318588628
0.037369987714606284
0.03097382370571989
0.027775741798120538
0.032253056486847384
0.025856892684590446
0.03321248107947184
0.0316134400949922
0.02969459093492606
0.031293631900033154
0.030334207319030995
0.03321248107947184
0.05048212473814959
0.0287351663636148
0.03193324829059697
0.04312653554303293
0.04568500131147757
0.03449171387867269
0.036730371302107906
0.036730371302107906
0.04472557664348869
0.03513133028214399
0.042167110890477914
0.03896902875712951
0.025537084501266027
0.03353228927830416
0.04024826160274303
0.02745593361091544
0.02969459093492606
0.03449171387867269
0.027136125424356953
0.0316134400949922
0.03705017950803482
0.03353228927830416
0.04056806981575624
0.036730371302107906
0.03417190567790465
0.04312653554303293
0.03864922054733631
0.03832941233818732
0.04440576842211145
0.054639631824724755
0.0316134400949922
0.03896902875712951
0.02681631723844514
0.034811522080085824
0.03417190567790465
0.034811522080085824
0.03896902875712951
0.0418473026742464
0.03449171387867269
0.03257286468374338
0.03832941233818732
0.037369987714606284
0.03321248107947184
0.039928453390373674
0.035770946688195145
0.030334207319030995
0.04280672732487125
0.03545113848484713
0.03289267288128489
0.027775741798120538
0.03513133028214399
0.03960864517864826
0.036090754892188
0.046644425985250766
0.04472557664348869
0.03641056309682561
0.039928453390373674
0.04792365889260963
0.028415358174470287
0.03257286468374338
0.031293631900033154
0.024897468136558316
0.04280672732487125
0.04056806981575624
0.0287351663636148
0.037369987714606284
0.04728404243764548
0.042167110890477914
0.03832941233818732
0.037369987714606284
0.03193324829059697
0.034811522080085824
0.042167110890477914
0.03768979592182224
0.03864922054733631
0.03353228927830416
0.03800960412968261
0.04088787802941326
0.02969459093492606
0.05048212473814959
0.03864922054733631
0.03513133028214399
0.036090754892188
0.03097382370571989
0.035770946688195145
0.03896902875712951
0.039288836967566854
0.03896902875712951
0.03417190567790465
0.037369987714606284
0.03960864517864826
0.03641056309682561
0.03641056309682561
0.02969459093492606
0.032253056486847384
0.03449171387867269
0.03289267288128489
0.025856892684590446
0.03321248107947184
0.03321248107947184
0.03449171387867269
0.020739961829080448
0.029374782743842753
0.046644425985250766
0.03513133028214399
0.041207686243713994
0.03193324829059697
0.030014399126655496
0.04888308357987234
0.035770946688195145
0.0415274944586584
0.034811522080085824
0.039288836967566854
0.03193324829059697
0.03193324829059697
0.052400974149256735
0.04696423421112691
0.04440576842211145
0.032253056486847384
0.03353228927830416
0.036090754892188
0.030654015512052477
0.032253056486847384
0.03864922054733631
0.022339002703619208
0.028415358174470287
0.03417190567790465
0.03321248107947184
0.03545113848484713
0.03417190567790465
0.027775741798120538
0.027775741798120538
0.04088787802941326
0.02681631723844514
0.03289267288128489
0.028095549985972176
0.05112174120595268
0.04088787802941326
0.02969459093492606
0.05176135767632191
0.0415274944586584
0.04024826160274303
0.02681631723844514
0.03449171387867269
0.031293631900033154
0.034811522080085824
0.039288836967566854
0.0287351663636148
0.026496509053180073
0.03545113848484713
0.025217276318588628
0.029374782743842753
0.03705017950803482
0.037369987714606284
0.034811522080085824
0.04280672732487125
0.034811522080085824
0.046644425985250766
0.03257286468374338
0.030334207319030995
0.030654015512052477
0.042486919107352895
0.03864922054733631
0.04696423421112691
0.03832941233818732
0.042486919107352895
0.03449171387867269
0.039928453390373674
0.03832941233818732
0.030334207319030995
0.018181496463520484
0.029374782743842753
0.030014399126655496
0.03385209747778179
0.03417190567790465
0.03097382370571989
0.031293631900033154
0.031293631900033154
0.032253056486847384
0.03193324829059697
0.03289267288128489
0.037369987714606284
0.043766151981285965
0.032253056486847384
0.03896902875712951
0.027136125424356953
0.04056806981575624
0.039928453390373674
0.03513133028214399
0.02969459093492606
0.025537084501266027
0.03417190567790465
0.03800960412968261
0.03321248107947184
0.02969459093492606
0.02681631723844514
0.036730371302107906
0.05112174120595268
0.03385209747778179
0.03417190567790465
0.028415358174470287
0.03768979592182224
0.042486919107352895
0.03545113848484713
0.03641056309682561
0.029374782743842753
0.035770946688195145
0.02681631723844514
0.036730371302107906
0.04728404243764548
0.039288836967566854
0.046644425985250766
0.036730371302107906
0.03513133028214399
0.04056806981575624
0.03800960412968261
0.026496509053180073
0.032253056486847384
0.04024826160274303
0.04824346712105507
0.04536519308817182
0.03960864517864826
0.027775741798120538
0.039288836967566854
0.03705017950803482
0.03449171387867269
0.036730371302107906
0.03417190567790465
0.046004809535426024
0.03385209747778179
0.044085960201377186
0.04792365889260963
0.04088787802941326
0.0418473026742464
0.04088787802941326
0.02969459093492606
0.029374782743842753
0.03705017950803482
0.03832941233818732
0.03768979592182224
0.04984250827291319
0.034811522080085824
0.04696423421112691
0.03449171387867269
0.041207686243713994
0.04024826160274303
0.043766151981285965
0.036730371302107906
0.0418473026742464
0.037369987714606284
0.039928453390373674
0.03097382370571989
0.03257286468374338
0.03705017950803482
0.04824346712105507
0.036090754892188
0.02969459093492606
0.046004809535426024
0.042486919107352895
0.039288836967566854
0.03513133028214399
0.0418473026742464
0.04088787802941326
0.028415358174470287
0.042486919107352895
0.03960864517864826
0.04088787802941326
0.03832941233818732
0.039288836967566854
0.04088787802941326
0.053040590624756606
0.039928453390373674
0.03545113848484713
0.031293631900033154
0.036730371302107906
0.030334207319030995
0.03417190567790465
0.02329842723611547
0.03800960412968261
0.042486919107352895
0.03864922054733631
0.03321248107947184
0.035770946688195145
0.036730371302107906
0.025217276318588628
0.025856892684590446
0.032253056486847384
0.0418473026742464
0.03449171387867269
0.03800960412968261
0.04088787802941326
0.04632461776001711
0.042167110890477914
0.03353228927830416
0.037369987714606284
0.02969459093492606
0.04056806981575624
0.039928453390373674
0.03097382370571989
0.03545113848484713
0.031293631900033154
0.041207686243713994
0.036090754892188
0.027775741798120538
0.043766151981285965
0.039288836967566854
0.027136125424356953
0.026176700868561817
0.029374782743842753
0.027775741798120538
0.04024826160274303
0.035770946688195145
0.039928453390373674
0.029374782743842753
0.03353228927830416
0.041207686243713994
0.030334207319030995
0.039288836967566854
0.03705017950803482
0.03896902875712951
0.04088787802941326
0.03896902875712951
0.03960864517864826
0.03705017950803482
0.028095549985972176
0.036730371302107906
0.03321248107947184
0.026496509053180073
0.034811522080085824
0.03864922054733631
0.039928453390373674
0.04280672732487125
0.042167110890477914
0.029374782743842753
0.042486919107352895
0.043446343761837855
0.036730371302107906
0.041207686243713994
0.036730371302107906
0.02457765995517516
0.028415358174470287
0.044085960201377186
0.04440576842211145
0.039928453390373674
0.03545113848484713
0.03832941233818732
0.032253056486847384
0.03800960412968261
0.042167110890477914
0.030334207319030995
0.04280672732487125
0.022339002703619208
0.03449171387867269
0.03097382370571989
0.039928453390373674
0.03800960412968261
0.032253056486847384
0.0415274944586584
0.03705017950803482
0.036730371302107906
0.03832941233818732
0.03321248107947184
0.028415358174470287
0.035770946688195145
0.03257286468374338
0.03800960412968261
0.032253056486847384
0.03385209747778179
0.04312653554303293
0.03193324829059697
0.032253056486847384
0.03960864517864826
0.046004809535426024
0.025856892684590446
0.03864922054733631
0.04024826160274303
0.036730371302107906
0.030654015512052477
0.02393804359435059
0.03641056309682561
0.03385209747778179
0.039288836967566854
0.03641056309682561
0.035770946688195145
0.043766151981285965
0.036730371302107906
0.025537084501266027
0.04856327535014267
0.03705017950803482
0.03641056309682561
0.03513133028214399
0.036730371302107906
0.042486919107352895
0.03960864517864826
0.04760385066480641
0.037369987714606284
0.037369987714606284
0.03257286468374338
0.04024826160274303
0.04696423421112691
0.03385209747778179
0.03257286468374338
0.028415358174470287
0.02905497455340564
0.04856327535014267
0.03353228927830416
0.030014399126655496
0.03705017950803482
0.041207686243713994
0.03864922054733631
0.03193324829059697
0.03353228927830416
0.03768979592182224
0.030334207319030995
0.03449171387867269
0.03705017950803482
0.03768979592182224
0.04088787802941326
0.043766151981285965
0.03385209747778179
0.02969459093492606
0.03832941233818732
0.03417190567790465
0.03257286468374338
0.039928453390373674
0.03417190567790465
0.029374782743842753
0.03193324829059697
0.026176700868561817
0.0316134400949922
0.03864922054733631
0.039928453390373674
0.042486919107352895
0.026496509053180073
0.036730371302107906
0.01978053731213322
0.04056806981575624
0.03353228927830416
0.04280672732487125
0.037369987714606284
0.027136125424356953
0.02969459093492606
0.032253056486847384
0.036730371302107906
0.03513133028214399
0.02745593361091544
0.028415358174470287
0.0316134400949922
0.03193324829059697
0.029374782743842753
0.03321248107947184
0.03417190567790465
0.03705017950803482
0.02905497455340564
0.03800960412968261
0.03800960412968261
0.04056806981575624
0.036730371302107906
0.025217276318588628
0.03768979592182224
0.03896902875712951
0.031293631900033154
0.03641056309682561
0.03832941233818732
0.030654015512052477
0.03960864517864826
0.039288836967566854
0.0316134400949922
0.03960864517864826
0.02969459093492606
0.032253056486847384
0.03768979592182224
0.02745593361091544
0.03257286468374338
0.02169938635186011
0.03705017950803482
0.026496509053180073
0.031293631900033154
0.03705017950803482
0.03864922054733631
0.030014399126655496
0.03289267288128489
0.024257851774439225
0.03960864517864826
0.034811522080085824
0.03960864517864826
0.044085960201377186
0.02905497455340564
0.03097382370571989
0.039288836967566854
0.041207686243713994
0.0418473026742464
0.0418473026742464
0.029374782743842753
0.03896902875712951
0.03641056309682561
0.03864922054733631
0.029374782743842753
0.03193324829059697
0.03641056309682561
0.03257286468374338
0.046644425985250766
0.028095549985972176
0.03705017950803482
0.02169938635186011
0.03193324829059697
0.03800960412968261
0.05336039886346826
0.03513133028214399
0.031293631900033154
0.03289267288128489
0.039288836967566854
0.04568500131147757
0.027775741798120538
0.029374782743842753
0.04088787802941326
0.03800960412968261
0.030014399126655496
0.037369987714606284
0.03768979592182224
0.018181496463520484
0.03545113848484713
0.0415274944586584
0.04280672732487125
0.041207686243713994
0.03800960412968261
0.04024826160274303
0.03353228927830416
0.03705017950803482
0.02137957817695229
0.035770946688195145
0.043766151981285965
0.02969459093492606
0.03800960412968261
0.037369987714606284
0.027136125424356953
0.036090754892188
0.04472557664348869
0.025217276318588628
0.03321248107947184
0.032253056486847384
0.043446343761837855
0.04824346712105507
0.03449171387867269
0.034811522080085824
0.0316134400949922
0.02969459093492606
0.025537084501266027
0.03513133028214399
0.03896902875712951
0.03257286468374338
0.03768979592182224
0.028095549985972176
0.03449171387867269
0.03513133028214399
0.030014399126655496
0.028095549985972176
0.04632461776001711
0.03193324829059697
0.03193324829059697
0.0287351663636148
0.04472557664348869
0.036730371302107906
0.036730371302107906
0.036090754892188
0.03545113848484713
0.04312653554303293
0.02457765995517516
0.03513133028214399
0.04024826160274303
0.03289267288128489
0.026176700868561817
0.03385209747778179
0.03321248107947184
0.026176700868561817
0.03289267288128489
0.043446343761837855
0.03641056309682561
0.03705017950803482
0.0287351663636148
0.03800960412968261
0.03417190567790465
0.029374782743842753
0.039288836967566854
0.03193324829059697
0.029374782743842753
0.030014399126655496
0.02745593361091544
0.03513133028214399
0.03321248107947184
0.039928453390373674
0.04312653554303293
0.02969459093492606
0.027775741798120538
0.03545113848484713
0.036090754892188
0.037369987714606284
0.03097382370571989
0.04632461776001711
0.032253056486847384
0.03417190567790465
0.034811522080085824
0.03321248107947184
0.04088787802941326
0.036730371302107906
0.02169938635186011
0.0415274944586584
0.03097382370571989
0.03417190567790465
0.039928453390373674
0.036090754892188
0.03257286468374338
0.039288836967566854
0.036090754892188
0.035770946688195145
0.026176700868561817
0.03097382370571989
0.04568500131147757
0.046644425985250766
0.037369987714606284
0.03097382370571989
0.02681631723844514
0.036730371302107906
0.04280672732487125
0.03832941233818732
0.04440576842211145
0.03321248107947184
0.036090754892188
0.03449171387867269
0.04312653554303293
0.03768979592182224
0.03417190567790465
0.03545113848484713
0.0316134400949922
0.02457765995517516
0.04632461776001711
0.03545113848484713
0.05080193297173033
0.04536519308817182
0.04280672732487125
0.0287351663636148
0.02905497455340564
0.026176700868561817
0.030334207319030995
0.04472557664348869
0.03705017950803482
0.042167110890477914
0.04088787802941326
0.030654015512052477
0.03960864517864826
0.035770946688195145
0.04024826160274303
0.032253056486847384
0.03641056309682561
0.03864922054733631
0.030014399126655496
0.035770946688195145
0.04696423421112691
0.031293631900033154
0.046644425985250766
0.03289267288128489
0.03641056309682561
0.04728404243764548
0.027136125424356953
0.03097382370571989
0.03193324829059697
0.03097382370571989
0.037369987714606284
0.052081165912468655
0.03832941233818732
0.03097382370571989
0.042486919107352895
0.04504538486550883
0.025217276318588628
0.03449171387867269
0.039288836967566854
0.032253056486847384
0.039288836967566854
0.032253056486847384
0.03257286468374338
0.03513133028214399
0.04312653554303293
0.03449171387867269
0.0418473026742464
0.043446343761837855
0.04312653554303293
0.0415274944586584
0.042486919107352895
0.04088787802941326
0.03321248107947184
0.04568500131147757
0.036730371302107906
0.043766151981285965
0.041207686243713994
0.042167110890477914
0.03353228927830416
0.04088787802941326
0.03385209747778179
0.04696423421112691
0.043766151981285965
0.03832941233818732
0.039928453390373674
0.03641056309682561
0.03864922054733631
0.04632461776001711
0.03193324829059697
0.036730371302107906
0.025856892684590446
0.030014399126655496
0.04568500131147757
0.02457765995517516
0.03545113848484713
0.03449171387867269
0.05144154944081656
0.046004809535426024
0.03705017950803482
0.034811522080085824
0.032253056486847384
0.03513133028214399
0.030334207319030995
0.04696423421112691
0.05112174120595268
0.03257286468374338
0.044085960201377186
0.02905497455340564
0.02905497455340564
0.04024826160274303
0.034811522080085824
0.03768979592182224
0.03289267288128489
0.037369987714606284
0.04472557664348869
0.04472557664348869
0.02969459093492606
0.04504538486550883
0.035770946688195145
0.02681631723844514
0.03513133028214399
0.035770946688195145
0.04312653554303293
0.042486919107352895
0.041207686243713994
0.030014399126655496
0.03705017950803482
0.03800960412968261
0.04568500131147757
0.043446343761837855
0.039288836967566854
0.037369987714606284
0.025537084501266027
0.03864922054733631
0.02905497455340564
0.03800960412968261
0.03832941233818732
0.03800960412968261
0.036730371302107906
0.02969459093492606
0.04536519308817182
0.04568500131147757
0.034811522080085824
0.03321248107947184
0.0316134400949922
0.025217276318588628
0.041207686243713994
0.03768979592182224
0.042486919107352895
0.04536519308817182
0.036090754892188
0.04088787802941326
0.030334207319030995
0.042486919107352895
0.029374782743842753
0.03353228927830416
0.03449171387867269
0.041207686243713994
0.03960864517864826
0.03768979592182224
0.03449171387867269
0.04568500131147757
0.03321248107947184
0.03193324829059697
0.04824346712105507
0.036090754892188
0.039928453390373674
0.03193324829059697
0.04440576842211145
0.02745593361091544
0.02457765995517516
0.03097382370571989
0.03321248107947184
0.03545113848484713
0.0415274944586584
0.03768979592182224
0.03545113848484713
0.0418473026742464
0.041207686243713994
0.039288836967566854
0.03193324829059697
0.024897468136558316
0.035770946688195145
0.03641056309682561
0.028095549985972176
0.05048212473814959
0.039928453390373674
0.03545113848484713
0.02905497455340564
0.041207686243713994
0.03289267288128489
0.03768979592182224
0.035770946688195145
0.03641056309682561
0.03353228927830416
0.027136125424356953
0.030334207319030995
0.04568500131147757
0.039288836967566854
0.03768979592182224
0.036090754892188
0.03768979592182224
0.04536519308817182
0.043766151981285965
0.02905497455340564
0.03289267288128489
0.039288836967566854
0.03864922054733631
0.03289267288128489
0.04632461776001711
0.030654015512052477
0.04024826160274303
0.03896902875712951
0.039928453390373674
0.026176700868561817
0.031293631900033154
0.0415274944586584
0.03800960412968261
0.03513133028214399
0.036730371302107906
0.03705017950803482
0.04024826160274303
0.03832941233818732
0.03832941233818732
0.03641056309682561
0.03768979592182224
0.03449171387867269
0.046644425985250766
0.03768979592182224
0.043446343761837855
0.03960864517864826
0.034811522080085824
0.028415358174470287
0.02905497455340564
0.043446343761837855
0.039288836967566854
0.04984250827291319
0.044085960201377186
0.03321248107947184
0.03545113848484713
0.043446343761837855
0.026496509053180073
0.039928453390373674
0.04056806981575624
0.04760385066480641
0.036090754892188
0.03896902875712951
0.04760385066480641
0.035770946688195145
0.039288836967566854
0.02745593361091544
0.04312653554303293
0.03289267288128489
0.03385209747778179
0.04824346712105507
0.042167110890477914
0.025217276318588628
0.04056806981575624
0.03960864517864826
0.03321248107947184
0.03832941233818732
0.04504538486550883
0.03097382370571989
0.041207686243713994
0.03097382370571989
0.04440576842211145
0.037369987714606284
0.036730371302107906
0.043766151981285965
0.032253056486847384
0.03545113848484713
0.04504538486550883
0.043766151981285965
0.041207686243713994
0.03449171387867269
0.037369987714606284
0.034811522080085824
0.04472557664348869
0.03960864517864826
0.037369987714606284
0.04568500131147757
0.030654015512052477
0.05112174120595268
0.032253056486847384
0.03768979592182224
0.03417190567790465
0.036730371302107906
0.03513133028214399
0.020420153656116567
0.04504538486550883
0.05048212473814959
0.019140920970742888
0.03289267288128489
0.03385209747778179
0.037369987714606284
0.03768979592182224
0.03385209747778179
0.03545113848484713
0.03513133028214399
0.03641056309682561
0.039288836967566854
0.03513133028214399
0.043446343761837855
0.032253056486847384
0.0316134400949922
0.03545113848484713
0.02905497455340564
0.04024826160274303
0.03289267288128489
0.03864922054733631
0.030334207319030995
0.03896902875712951
0.05080193297173033
0.02969459093492606
0.03864922054733631
0.03896902875712951
0.03289267288128489
0.0287351663636148
0.037369987714606284
0.05016231650521052
0.030334207319030995
0.036730371302107906
0.03417190567790465
0.030014399126655496
0.03193324829059697
0.03896902875712951
0.04056806981575624
0.02745593361091544
0.03417190567790465
0.03321248107947184
0.02681631723844514
0.027775741798120538
0.03705017950803482
0.03545113848484713
0.03896902875712951
0.04056806981575624
0.024257851774439225
0.03449171387867269
0.04792365889260963
0.036090754892188
0.03321248107947184
0.04472557664348869
0.030014399126655496
0.03641056309682561
0.03417190567790465
0.03321248107947184
0.04792365889260963
0.03864922054733631
0.03896902875712951
0.04088787802941326
0.028415358174470287
0.03257286468374338
0.03832941233818732
0.042486919107352895
0.03896902875712951
0.0418473026742464
0.03705017950803482
0.03832941233818732
0.03864922054733631
0.03705017950803482
0.042167110890477914
0.030014399126655496
0.03385209747778179
0.032253056486847384
0.034811522080085824
0.039288836967566854
0.04632461776001711
0.02681631723844514
0.031293631900033154
0.043766151981285965
0.05144154944081656
0.032253056486847384
0.0415274944586584
0.030334207319030995
0.04504538486550883
0.026176700868561817
0.036090754892188
0.03705017950803482
0.0418473026742464
0.04280672732487125
0.0287351663636148
0.030334207319030995
0.032253056486847384
0.03864922054733631
0.03417190567790465
0.037369987714606284
0.03641056309682561
0.041207686243713994
0.035770946688195145
0.02169938635186011
0.03864922054733631
0.027136125424356953
0.03513133028214399
0.034811522080085824
0.03832941233818732
0.026176700868561817
0.030334207319030995
0.03193324829059697
0.03800960412968261
0.02681631723844514
0.02393804359435059
0.043446343761837855
0.03768979592182224
0.028415358174470287
0.02969459093492606
0.03545113848484713
0.03864922054733631
0.027136125424356953
0.02201919452741577
0.03513133028214399
0.03193324829059697
0.04088787802941326
0.041207686243713994
0.044085960201377186
0.03896902875712951
0.03449171387867269
0.03097382370571989
0.03321248107947184
0.04472557664348869
0.027775741798120538
0.041207686243713994
0.03321248107947184
0.04088787802941326
0.03513133028214399
0.04056806981575624
0.041207686243713994
0.037369987714606284
0.027136125424356953
0.044085960201377186
0.031293631900033154
0.043446343761837855
0.029374782743842753
0.04056806981575624
0.0287351663636148
0.04280672732487125
0.03768979592182224
0.04920289181024404
0.03800960412968261
0.03353228927830416
0.02457765995517516
0.043446343761837855
0.034811522080085824
0.037369987714606284
0.03289267288128489
0.03896902875712951
0.03449171387867269
0.03960864517864826
0.039288836967566854
0.036090754892188
0.02969459093492606
0.03097382370571989
0.03257286468374338
0.02457765995517516
0.018821112801020272
0.03832941233818732
0.039288836967566854
0.029374782743842753
0.04792365889260963
0.028415358174470287
0.03545113848484713
0.0316134400949922
0.03768979592182224
0.035770946688195145
0.029374782743842753
0.039928453390373674
0.03417190567790465
0.02905497455340564
0.03417190567790465
0.037369987714606284
0.042167110890477914
0.036730371302107906
0.031293631900033154
0.04056806981575624
0.030654015512052477
0.03097382370571989
0.04056806981575624
0.04024826160274303
0.028415358174470287
0.042167110890477914
0.02905497455340564
0.039928453390373674
0.029374782743842753
0.03768979592182224
0.03449171387867269
0.04888308357987234
0.03417190567790465
0.0287351663636148
0.03385209747778179
0.037369987714606284
0.041207686243713994
0.02905497455340564
0.036730371302107906
0.04536519308817182
0.020100345483800804
0.042486919107352895
0.03832941233818732
0.03193324829059697
0.05144154944081656
0.03545113848484713
0.03768979592182224
0.0415274944586584
0.0418473026742464
0.03832941233818732
0.037369987714606284
0.030014399126655496
0.04088787802941326
0.03800960412968261
0.03800960412968261
0.02745593361091544
0.03864922054733631
0.0316134400949922
0.032253056486847384
0.03321248107947184
0.026496509053180073
0.034811522080085824
0.03768979592182224
0.03800960412968261
0.04568500131147757
0.0316134400949922
0.036090754892188
0.04024826160274303
0.04312653554303293
0.030014399126655496
0.03545113848484713
0.04920289181024404
0.04088787802941326
0.03513133028214399
0.0316134400949922
0.030654015512052477
0.04056806981575624
0.03289267288128489
0.03097382370571989
0.04632461776001711
0.04728404243764548
0.036090754892188
0.03864922054733631
0.02969459093492606
0.030014399126655496
0.05272078238668607
0.027775741798120538
0.039928453390373674
0.04472557664348869
0.0316134400949922
0.04824346712105507
0.046004809535426024
0.03800960412968261
0.030014399126655496
0.02905497455340564
0.02681631723844514
0.04280672732487125
0.036090754892188
0.03289267288128489
0.030654015512052477
0.03321248107947184
0.036730371302107906
0.041207686243713994
0.039288836967566854
0.04696423421112691
0.04024826160274303
0.030334207319030995
0.036730371302107906
0.027136125424356953
0.028415358174470287
0.03353228927830416
0.03385209747778179
0.030654015512052477
0.030654015512052477
0.042167110890477914
0.03193324829059697
0.04856327535014267
0.046004809535426024
0.0287351663636148
0.028415358174470287
0.030654015512052477
0.03641056309682561
0.03800960412968261
0.03641056309682561
0.037369987714606284
0.034811522080085824
0.04728404243764548
0.02681631723844514
0.037369987714606284
0.039928453390373674
0.03385209747778179
0.04504538486550883
0.04280672732487125
0.03417190567790465
0.02457765995517516
0.041207686243713994
0.037369987714606284
0.04728404243764548
0.03768979592182224
0.037369987714606284
0.03289267288128489
0.03321248107947184
0.03097382370571989
0.036090754892188
0.030654015512052477
0.05176135767632191
0.035770946688195145
0.03257286468374338
0.03768979592182224
0.042167110890477914
0.03641056309682561
0.03545113848484713
0.02745593361091544
0.03513133028214399
0.03864922054733631
0.039928453390373674
0.025537084501266027
0.04088787802941326
0.02681631723844514
0.029374782743842753
0.039288836967566854
0.034811522080085824
0.03417190567790465
0.03513133028214399
0.02969459093492606
0.026176700868561817
0.03513133028214399
0.03800960412968261
0.03417190567790465
0.04440576842211145
0.03960864517864826
0.036090754892188
0.03097382370571989
0.025856892684590446
0.02969459093492606
0.02905497455340564
0.04024826160274303
0.04632461776001711
0.036090754892188
0.03449171387867269
0.04024826160274303
0.04280672732487125
0.036090754892188
0.03768979592182224
0.05016231650521052
0.026496509053180073
0.05048212473814959
0.043446343761837855
0.041207686243713994
0.030014399126655496
0.025537084501266027
0.03705017950803482
0.03385209747778179
0.03353228927830416
0.042486919107352895
0.03321248107947184
0.030334207319030995
0.03832941233818732
0.03097382370571989
0.0287351663636148
0.04088787802941326
0.036730371302107906
0.04312653554303293
0.034811522080085824
0.02681631723844514
0.02329842723611547
0.03705017950803482
0.04472557664348869
0.04312653554303293
0.042167110890477914
0.02969459093492606
0.04024826160274303
0.03800960412968261
0.03864922054733631
0.04088787802941326
0.036730371302107906
0.039928453390373674
0.042167110890477914
0.0415274944586584
0.034811522080085824
0.025217276318588628
0.039928453390373674
0.03417190567790465
0.027775741798120538
0.041207686243713994
0.03289267288128489
0.036090754892188
0.04728404243764548
0.03864922054733631
0.04280672732487125
0.035770946688195145
0.04056806981575624
0.04696423421112691
0.04728404243764548
0.036090754892188
0.04024826160274303
0.03705017950803482
0.03705017950803482
0.0415274944586584
0.04312653554303293
0.03864922054733631
0.032253056486847384
0.03800960412968261
0.037369987714606284
0.03193324829059697
0.03289267288128489
0.03513133028214399
0.042486919107352895
0.037369987714606284
0.03417190567790465
0.03705017950803482
0.026176700868561817
0.025856892684590446
0.023618235414909317
0.03832941233818732
0.04472557664348869
0.04440576842211145
0.03193324829059697
0.030334207319030995
0.030654015512052477
0.0316134400949922
0.03768979592182224
0.036090754892188
0.025217276318588628
0.037369987714606284
0.04440576842211145
0.042167110890477914
0.03641056309682561
0.034811522080085824
0.03705017950803482
0.026496509053180073
0.043446343761837855
0.03449171387867269
0.042167110890477914
0.03097382370571989
0.0316134400949922
0.030334207319030995
0.03257286468374338
0.04920289181024404
0.036090754892188
0.030334207319030995
0.032253056486847384
0.0316134400949922
0.035770946688195145
0.030334207319030995
0.02905497455340564
0.03960864517864826
0.04440576842211145
0.022339002703619208
0.03705017950803482
0.04056806981575624
0.042486919107352895
0.039288836967566854
0.030334207319030995
0.034811522080085824
0.03960864517864826
0.046644425985250766
0.03385209747778179
0.032253056486847384
0.03960864517864826
0.03417190567790465
0.03417190567790465
0.03257286468374338
0.036090754892188
0.03449171387867269
0.0316134400949922
0.029374782743842753
0.027136125424356953
0.024897468136558316
0.024897468136558316
0.027775741798120538
0.028415358174470287
0.03545113848484713
0.04024826160274303
0.039928453390373674
0.035770946688195145
0.04088787802941326
0.030014399126655496
0.03864922054733631
0.024897468136558316
0.022339002703619208
0.03353228927830416
0.03417190567790465
0.04088787802941326
0.03097382370571989
0.03289267288128489
0.04088787802941326
0.02681631723844514
0.02905497455340564
0.03960864517864826
0.034811522080085824
0.0316134400949922
0.029374782743842753
0.03449171387867269
0.03960864517864826
0.024257851774439225
0.04632461776001711
0.0418473026742464
0.02969459093492606
0.02969459093492606
0.030014399126655496
0.05080193297173033
0.024897468136558316
0.036730371302107906