0.11124570056136265
0.10165145022635043
0.12307861008688914
0.09333643372842641
0.13267286168293557
0.1397086465437673
0.12563707712414673
0.12627669388971816
0.11668244266913329
0.11924090960614714
0.1445057727580448
0.1118853172705007
0.1221191849582465
0.10133164189161568
0.13906902972577526
0.12499746036107759
0.10932685044903831
0.1163626343048295
0.13395209527155127
0.11476359249272526
0.13427190367026484
0.12787573581459044
0.14834347383016402
0.14290673067106957
0.146104814860558
0.11604282594115328
0.12147956820894955
0.12851535258891542
0.12787573581459044
0.12819554420144041
0.15729811001249427
0.11828148450006307
0.10261087523433865
0.1272361190427658
0.10612876697882981
0.13043420292688687
0.11028627550237065
0.13555113727135548
0.13171343649802617
0.12531726874229934
0.1598565775823298
0.12563707712414673
0.15250098342581936
0.11668244266913329
0.09493547532947418
0.12339841846435566
0.1272361190427658
0.1163626343048295
0.09621470862169142
0.09333643372842641
0.13715017928674564
0.14802366540407197
0.14802366540407197
0.1163626343048295
0.14066807177542437
0.11252493398215278
0.1473840485537502
0.1074080003593601
0.11924090960614714
0.1445057727580448
0.13810960450345744
0.12787573581459044
0.1448255811773047
0.13139362810430477
0.11764186776580926
0.11508340085389059
0.12467765198048153
0.11412397577227834
0.13267286168293557
0.10420991692692808
0.09973260022740488
0.10069202522403856
0.11828148450006307
0.13075401131873507
0.08853930902019043
0.11380416741299688
0.11796167613262254
0.0990929835661379
0.13139362810430477
0.09365624204737127
0.12052014308970271
0.11444378413218781
0.11220512562601251
0.11220512562601251
0.13906902972577526
0.12915496936574017
0.15314060029599025
0.12403803522116678
0.13075401131873507
0.14834347383016402
0.13171343649802617
0.12307861008688914
0.13683037088242114
0.13171343649802617
0.10516934195004415
0.14546519801768876
0.14834347383016402
0.12403803522116678
0.10708819201328315
0.1435463475039946
0.1320332448923718
0.10165145022635043
0.09045815888639286
0.14130768859964088
0.12147956820894955
0.12787573581459044
0.12435784360051125
0.12403803522116678
0.13938883813445999
0.10932685044903831
0.11892110123682544
0.15410002560589398
0.12403803522116678
0.10708819201328315
0.1563386846840139
0.16785178899292502
0.12467765198048153
0.1259568855066197
0.09301662541011405
0.1186012928681307
0.15250098342581936
0.1272361190427658
0.14578500643881276
0.12467765198048153
0.11316455069631837
0.13363228687346151
0.12915496936574017
0.12403803522116678
0.14194730542634623
0.12467765198048153
0.10389010858714962
0.1074080003593601
0.12691631065779127
0.12371822684244825
0.12179937658328484
0.08118371807782135
0.08949873395044175
0.1409878801872215
0.1074080003593601
0.12147956820894955
0.12179937658328484
0.1320332448923718
0.10420991692692808
0.1588971522390029
0.10644857532301794
0.11988052634667135
0.10772780870606652
0.10069202522403856
0.13011439453566323
0.13139362810430477
0.12052014308970271
0.12531726874229934
0.1553792593611044
0.13395209527155127
0.1272361190427658
0.12755592742836552
0.12435784360051125
0.15857734379246402
0.146104814860558
0.12467765198048153
0.14770385697860067
0.1259568855066197
0.12147956820894955
0.12979458614506417
0.11956071797609581
0.1416274970126825
0.13715017928674564
0.12659650227344205
0.12371822684244825
0.134911520469563
0.11668244266913329
0.1329926700791536
0.10580895863527143
0.13683037088242114
0.11892110123682544
0.1489830906842102
0.12499746036107759
0.13906902972577526
0.14130768859964088
0.12403803522116678
0.11444378413218781
0.10580895863527143
0.10772780870606652
0.10996646715063092
0.12307861008688914
0.11476359249272526
0.11604282594115328
0.10676838366783574
0.11764186776580926
0.14770385697860067
0.11892110123682544
0.13235305328734162
0.12339841846435566
0.10836742540136751
0.12467765198048153
0.1163626343048295
0.12755592742836552
0.14130768859964088
0.1448255811773047
0.13778979609726386
0.1310738197112077
0.1588971522390029
0.14290673067106957
0.13011439453566323
0.1384294129102739
0.09973260022740488
0.14802366540407197
0.11348435905434355
0.10005240855898508
0.14322653908722116
0.10197125856171589
0.10197125856171589
0.12435784360051125
0.11412397577227834
0.12371822684244825
0.11796167613262254
0.09429585868715816
0.11764186776580926
0.15058213283018418
0.11316455069631837
0.09301662541011405
0.12147956820894955
0.1579377269012419
0.1163626343048295
0.1074080003593601
0.14386615592138968
0.11380416741299688
0.11060608385473922
0.13139362810430477
0.12147956820894955
0.13395209527155127
0.14194730542634623
0.13906902972577526
0.13075401131873507
0.12563707712414673
0.12979458614506417
0.10261087523433865
0.11796167613262254
0.1486632822568768
0.12915496936574017
0.13938883813445999
0.13235305328734162
0.12371822684244825
0.146104814860558
0.10964665879952012
0.10708819201328315
0.10836742540136751
0.1118853172705007
0.1294747777550898
0.13810960450345744
0.12435784360051125
0.1397086465437673
0.12563707712414673
0.12627669388971816
0.13427190367026484
0.11220512562601251
0.09781375025117951
0.10612876697882981
0.1294747777550898
0.10612876697882981
0.11252493398215278
0.10708819201328315
0.10804761705340236
0.10580895863527143
0.13011439453566323
0.1115655089156174
0.08853930902019043
0.0971741335974892
0.1384294129102739
0.146104814860558
0.1224389933338345
0.0990929835661379
0.12307861008688914
0.13555113727135548
0.134911520469563
0.1329926700791536
0.11796167613262254
0.13235305328734162
0.12467765198048153
0.11764186776580926
0.12083995146215842
0.11828148450006307
0.12371822684244825
0.14386615592138968
0.10580895863527143
0.1163626343048295
0.1387492213177132
0.1294747777550898
0.1553792593611044
0.10069202522403856
0.1320332448923718
0.13075401131873507
0.1352313288701475
0.09589490029768913
0.11028627550237065
0.11892110123682544
0.1118853172705007
0.12563707712414673
0.11988052634667135
0.1259568855066197
0.12435784360051125
0.12083995146215842
0.09493547532947418
0.12275880171004873
0.10516934195004415
0.12659650227344205
0.14770385697860067
0.1489830906842102
0.10964665879952012
0.13139362810430477
0.13363228687346151
0.13778979609726386
0.10708819201328315
0.10261087523433865
0.11924090960614714
0.12435784360051125
0.14578500643881276
0.17264891602430524
0.1224389933338345
0.15569906780145512
0.11412397577227834
0.12179937658328484
0.10644857532301794
0.1320332448923718
0.11508340085389059
0.12851535258891542
0.17872527712949296
0.13139362810430477
0.1352313288701475
0.13267286168293557
0.1509019412612399
0.13075401131873507
0.12275880171004873
0.11284474233892143
0.12083995146215842
0.13235305328734162
0.12467765198048153
0.11124570056136265
0.13555113727135548
0.14706424012952063
0.11764186776580926
0.1448255811773047
0.1361907540756417
0.15665849312622182
0.1224389933338345
0.1010118335575117
0.12819554420144041
0.13715017928674564
0.13171343649802617
0.0955750919743188
0.13171343649802617
0.08821950071137359
0.12627669388971816
0.1352313288701475
0.13075401131873507
0.16113581138208727
0.1224389933338345
0.13139362810430477
0.12531726874229934
0.13011439453566323
0.14418596433940645
0.13011439453566323
0.10932685044903831
0.10644857532301794
0.10708819201328315
0.12307861008688914
0.1352313288701475
0.13011439453566323
0.12627669388971816
0.11220512562601251
0.09493547532947418
0.09013835057377596
0.10484953360837541
0.11924090960614714
0.12052014308970271
0.1186012928681307
0.13267286168293557
0.11988052634667135
0.12883516097701536
0.11988052634667135
0.12467765198048153
0.11348435905434355
0.11892110123682544
0.14834347383016402
0.11828148450006307
0.1521811749916636
0.09877317523645124
0.14834347383016402
0.12627669388971816
0.08502141765806367
0.1496227075407386
0.12435784360051125
0.10420991692692808
0.09333643372842641
0.09109777551352591
0.11572301757810466
0.10932685044903831
0.12627669388971816
0.12275880171004873
0.1365105624787198
0.1186012928681307
0.1489830906842102
0.14578500643881276
0.1272361190427658
0.13011439453566323
0.12627669388971816
0.1521811749916636
0.13075401131873507
0.13715017928674564
0.1345917120696021
0.14322653908722116
0.12531726874229934
0.11028627550237065
0.10836742540136751
0.10932685044903831
0.1397086465437673
0.14802366540407197
0.13778979609726386
0.11508340085389059
0.10197125856171589
0.11764186776580926
0.12115975983524073
0.12915496936574017
0.13011439453566323
0.13075401131873507
0.11732205939962322
0.09301662541011405
0.12147956820894955
0.134911520469563
0.11924090960614714
0.12883516097701536
0.15761791845655873
0.10420991692692808
0.1224389933338345
0.1416274970126825
0.09621470862169142
0.13938883813445999
0.09845336690739594
0.12787573581459044
0.13587094567318692
0.11956071797609581
0.11252493398215278
0.1352313288701475
0.12851535258891542
0.10325049190948342
0.12883516097701536
0.1221191849582465
0.12915496936574017
0.12083995146215842
0.12531726874229934
0.10900704209918557
0.1445057727580448
0.10964665879952012
0.14290673067106957
0.14514538959718604
0.11700225103406456
0.13555113727135548
0.16337447055545143
0.12819554420144041
0.11412397577227834
0.11732205939962322
0.15122174969291577
0.1329926700791536
0.10293068357159582
0.09493547532947418
0.12883516097701536
0.1333124784759956
0.1496227075407386
0.11540320921568376
0.10708819201328315
0.11700225103406456
0.1259568855066197
0.13011439453566323
0.12691631065779127
0.12307861008688914
0.12147956820894955
0.1272361190427658
0.1409878801872215
0.11252493398215278
0.13906902972577526
0.12083995146215842
0.14706424012952063
0.14066807177542437
0.1074080003593601
0.16497351284066572
0.146104814860558
0.12659650227344205
0.12275880171004873
0.08789969240319036
0.11220512562601251
0.16049619448097235
0.11796167613262254
0.11956071797609581
0.11092589220773659
0.13427190367026484
0.1345917120696021
0.14066807177542437
0.13746998769169322
0.12147956820894955
0.12499746036107759
0.12627669388971816
0.13011439453566323
0.10389010858714962
0.11796167613262254
0.11700225103406456
0.10804761705340236
0.10484953360837541
0.14834347383016402
0.14514538959718604
0.11572301757810466
0.13810960450345744
0.14066807177542437
0.12052014308970271
0.09173739214319081
0.10516934195004415
0.1547396424822605
0.12659650227344205
0.15186136655812768
0.13715017928674564
0.11092589220773659
0.12883516097701536
0.11348435905434355
0.12659650227344205
0.1400284549536972
0.1365105624787198
0.10836742540136751
0.12083995146215842
0.10932685044903831
0.12755592742836552
0.1320332448923718
0.12659650227344205
0.13810960450345744
0.12020033471787366
0.0971741335974892
0.10165145022635043
0.09365624204737127
0.10069202522403856
0.1352313288701475
0.1224389933338345
0.10484953360837541
0.13587094567318692
0.14258692225553984
0.13555113727135548
0.12659650227344205
0.11476359249272526
0.13938883813445999
0.14226711384063204
0.12531726874229934
0.10005240855898508
0.13363228687346151
0.10165145022635043
0.15282079186059494
0.14258692225553984
0.12052014308970271
0.13235305328734162
0.11284474233892143
0.1163626343048295
0.14706424012952063
0.09333643372842641
0.13075401131873507
0.09493547532947418
0.13395209527155127
0.09653451694632556
0.12467765198048153
0.10932685044903831
0.1400284549536972
0.13395209527155127
0.1486632822568768
0.1115655089156174
0.11604282594115328
0.11348435905434355
0.1489830906842102
0.15282079186059494
0.10197125856171589
0.13778979609726386
0.0994127918964558
0.12179937658328484
0.13555113727135548
0.14322653908722116
0.12755592742836552
0.11796167613262254
0.11508340085389059
0.12563707712414673
0.11060608385473922
0.09973260022740488
0.10133164189161568
0.1448255811773047
0.12787573581459044
0.09845336690739594
0.1272361190427658
0.11444378413218781
0.12147956820894955
0.1186012928681307
0.1620952367383941
0.11796167613262254
0.11828148450006307
0.1163626343048295
0.12563707712414673
0.14674443170591203
0.09141758382804191
0.08757988409564076
0.10612876697882981
0.12435784360051125
0.1259568855066197
0.1224389933338345
0.14514538959718604
0.0994127918964558
0.12083995146215842
0.14770385697860067
0.15441983404376752
0.12275880171004873
0.12435784360051125
0.14290673067106957
0.1115655089156174
0.13075401131873507
0.10293068357159582
0.1118853172705007
0.15186136655812768
0.12115975983524073
0.12179937658328484
0.1294747777550898
0.12275880171004873
0.11956071797609581
0.15953676913393583
0.12883516097701536
0.11796167613262254
0.09173739214319081
0.1333124784759956
0.13778979609726386
0.1310738197112077
0.11348435905434355
0.09685432527159152
0.11892110123682544
0.11316455069631837
0.1320332448923718
0.11252493398215278
0.09269681709243423
0.11380416741299688
0.10516934195004415
0.11892110123682544
0.13171343649802617
0.11572301757810466
0.11028627550237065
0.11796167613262254
0.11444378413218781
0.08278275955848166
0.1186012928681307
0.1259568855066197
0.11508340085389059
0.13746998769169322
0.1361907540756417
0.13810960450345744
0.1384294129102739
0.13235305328734162
0.14674443170591203
0.14994251596993344
0.11668244266913329
0.10452972526733671
0.1387492213177132
0.12275880171004873
0.12755592742836552
0.13171343649802617
0.15154155812521172
0.13171343649802617
0.1387492213177132
0.11284474233892143
0.12915496936574017
0.13011439453566323
0.11444378413218781
0.11444378413218781
0.1361907540756417
0.10964665879952012
0.11284474233892143
0.10133164189161568
0.134911520469563
0.11092589220773659
0.12979458614506417
0.10389010858714962
0.13683037088242114
0.13427190367026484
0.12307861008688914
0.08534122596054158
0.13043420292688687
0.11380416741299688
0.16017638603134202
0.10836742540136751
0.1365105624787198
0.1320332448923718
0.14290673067106957
0.11284474233892143
0.1361907540756417
0.10389010858714962
0.15505945092137283
0.11380416741299688
0.1320332448923718
0.11924090960614714
0.1400284549536972
0.12371822684244825
0.1384294129102739
0.10452972526733671
0.12499746036107759
0.12115975983524073
0.11444378413218781
0.15569906780145512
0.12915496936574017
0.12435784360051125
0.1074080003593601
0.11284474233892143
0.12307861008688914
0.13395209527155127
0.13235305328734162
0.13235305328734162
0.1115655089156174
0.1365105624787198
0.11668244266913329
0.11508340085389059
0.13587094567318692
0.1221191849582465
0.10964665879952012
0.12691631065779127
0.11412397577227834
0.12563707712414673
0.1224389933338345
0.11700225103406456
0.1445057727580448
0.14418596433940645
0.09301662541011405
0.11476359249272526
0.10836742540136751
0.13715017928674564
0.1345917120696021
0.11764186776580926
0.1221191849582465
0.11508340085389059
0.09141758382804191
0.13075401131873507
0.10836742540136751
0.134911520469563
0.15026232439974865
0.11796167613262254
0.13778979609726386
0.11284474233892143
0.14130768859964088
0.15569906780145512
0.12659650227344205
0.13810960450345744
0.11892110123682544
0.11252493398215278
0.1345917120696021
0.11476359249272526
0.09813355857897199
0.11796167613262254
0.12979458614506417
0.13587094567318692
0.14674443170591203
0.14258692225553984
0.11572301757810466
0.14130768859964088
0.1688112143881112
0.12755592742836552
0.10964665879952012
0.12755592742836552
0.11668244266913329
0.12371822684244825
0.11476359249272526
0.10708819201328315
0.11220512562601251
0.14578500643881276
0.11796167613262254
0.14674443170591203
0.14290673067106957
0.12563707712414673
0.11252493398215278
0.11796167613262254
0.1547396424822605
0.13555113727135548
0.13683037088242114
0.11220512562601251
0.14770385697860067
0.1361907540756417
0.13075401131873507
0.14386615592138968
0.10836742540136751
0.1435463475039946
0.1221191849582465
0.13555113727135548
0.12691631065779127
0.15314060029599025
0.12531726874229934
0.10644857532301794
0.12179937658328484
0.10293068357159582
0.11988052634667135
0.13778979609726386
0.12083995146215842
0.1272361190427658
0.1352313288701475
0.12979458614506417
0.12563707712414673
0.1310738197112077
0.1592169606861602
0.1397086465437673
0.13075401131873507
0.13715017928674564
0.12659650227344205
0.12052014308970271
0.13171343649802617
0.14066807177542437
0.10868723374996195
0.13427190367026484
0.10452972526733671
0.09461566700800006
0.12052014308970271
0.1186012928681307
0.13363228687346151
0.09461566700800006
0.12819554420144041
0.14578500643881276
0.11828148450006307
0.14066807177542437
0.10868723374996195
0.10804761705340236
0.11060608385473922
0.11956071797609581
0.10261087523433865
0.11924090960614714
0.12755592742836552
0.11988052634667135
0.12371822684244825
0.13043420292688687
0.15186136655812768
0.1310738197112077
0.13363228687346151
0.11924090960614714
0.10325049190948342
0.10005240855898508
0.1409878801872215
0.11540320921568376
0.1221191849582465
0.13011439453566323
0.11508340085389059
0.1115655089156174
0.1272361190427658
0.14994251596993344
0.1387492213177132
0.10996646715063092
0.11796167613262254
0.13778979609726386
0.10932685044903831
0.1118853172705007
0.12627669388971816
0.1521811749916636
0.1400284549536972
0.10644857532301794
0.12435784360051125
0.12307861008688914
0.1416274970126825
0.10197125856171589
0.12915496936574017
0.13075401131873507
0.1387492213177132
0.1345917120696021
0.13043420292688687
0.1365105624787198
0.13746998769169322
0.14514538959718604
0.14578500643881276
0.1435463475039946
0.13363228687346151
0.15026232439974865
0.1352313288701475
0.14322653908722116
0.11956071797609581
0.1163626343048295
0.11956071797609581
0.10644857532301794
0.1384294129102739
0.1384294129102739
0.12403803522116678
0.134911520469563
0.13139362810430477
0.11796167613262254
0.16113581138208727
0.11924090960614714
0.1272361190427658
0.11892110123682544
0.13810960450345744
0.11060608385473922
0.134911520469563
0.10452972526733671
0.1221191849582465
0.09397605036694855
0.14578500643881276
0.14258692225553984
0.11028627550237065
0.10452972526733671
0.10165145022635043
0.12020033471787366
0.11220512562601251
0.1416274970126825
0.14706424012952063
0.11700225103406456
0.1345917120696021
0.1310738197112077
0.14546519801768876
0.134911520469563
0.13011439453566323
0.09973260022740488
0.1310738197112077
0.11892110123682544
0.1310738197112077
0.1409878801872215
0.1387492213177132
0.10484953360837541
0.1310738197112077
0.11284474233892143
0.1416274970126825
0.14418596433940645
0.11444378413218781
0.13906902972577526
0.12979458614506417
0.12531726874229934
0.1329926700791536
0.13363228687346151
0.09749394192401857
0.11828148450006307
0.13810960450345744
0.11828148450006307
0.11540320921568376
0.12339841846435566
0.13171343649802617
0.11988052634667135
0.14706424012952063
0.11124570056136265
0.09653451694632556
0.1329926700791536
0.1115655089156174
0.1221191849582465
0.12691631065779127
0.12499746036107759
0.16849140592243272
0.10484953360837541
0.13139362810430477
0.13810960450345744
0.12691631065779127
0.15441983404376752
0.16145561983357168
0.12371822684244825
0.12339841846435566
0.14514538959718604
0.15505945092137283
0.10389010858714962
0.14130768859964088
0.08662045917679456
0.1115655089156174
0.12563707712414673
0.09621470862169142
0.13555113727135548
0.1361907540756417
0.09237700877538704
0.12339841846435566
0.1272361190427658
0.11476359249272526
0.12403803522116678
0.13906902972577526
0.14418596433940645
0.12531726874229934
0.14066807177542437
0.14770385697860067
0.1224389933338345
0.13043420292688687
0.12499746036107759
0.13555113727135548
0.11764186776580926
0.15186136655812768
0.15505945092137283
0.1509019412612399
0.14546519801768876
0.11956071797609581
0.12115975983524073
0.12339841846435566
0.12467765198048153
0.12819554420144041
0.14226711384063204
0.12851535258891542
0.14034826336424958
0.1310738197112077
0.11828148450006307
0.14674443170591203
0.13075401131873507
0.0971741335974892
0.1010118335575117
0.13587094567318692
0.15186136655812768
0.14514538959718604
0.15250098342581936
0.10868723374996195
0.14322653908722116
0.1521811749916636
0.12052014308970271
0.12627669388971816
0.1259568855066197
0.12755592742836552
0.16145561983357168
0.10484953360837541
0.14802366540407197
0.10452972526733671
0.10229106689771197
0.1464246232829245
0.08726007578872487
0.13810960450345744
0.1361907540756417
0.09493547532947418
0.09013835057377596
0.1221191849582465
0.15378021716863985
0.10612876697882981
0.12083995146215842
0.1221191849582465
0.11444378413218781
0.12499746036107759
0.1074080003593601
0.1473840485537502
0.10804761705340236
0.12499746036107759
0.11700225103406456
0.11668244266913329
0.1310738197112077
0.11220512562601251
0.13395209527155127
0.10612876697882981
0.12052014308970271
0.13810960450345744
0.08885911732964077
0.10996646715063092
0.13906902972577526
0.11732205939962322
0.1592169606861602
0.1435463475039946
0.11060608385473922
0.11988052634667135
0.14770385697860067
0.15569906780145512
0.1416274970126825
0.11604282594115328
0.12307861008688914
0.1224389933338345
0.1310738197112077
0.13938883813445999
0.12052014308970271
0.1352313288701475
0.1400284549536972
0.12691631065779127
0.1320332448923718
0.09269681709243423
0.146104814860558
0.1365105624787198
0.12403803522116678
0.1445057727580448
0.14130768859964088
0.11892110123682544
0.13746998769169322
0.1310738197112077
0.1320332448923718
0.1310738197112077
0.10389010858714962
0.12499746036107759
0.12691631065779127
0.12563707712414673
0.1409878801872215
0.10452972526733671
0.13906902972577526
0.14770385697860067
0.15314060029599025
0.1329926700791536
0.12659650227344205
0.1186012928681307
0.15186136655812768
0.11668244266913329
0.1118853172705007
0.1272361190427658
0.12020033471787366
0.11956071797609581
0.12883516097701536
0.1118853172705007
0.12339841846435566
0.12691631065779127
0.11508340085389059
0.1409878801872215
0.13683037088242114
0.14322653908722116
0.09877317523645124
0.12179937658328484
0.1333124784759956
0.10580895863527143
0.11508340085389059
0.11604282594115328
0.12787573581459044
0.11476359249272526
0.10964665879952012
0.11508340085389059
0.14194730542634623
0.12979458614506417
0.1509019412612399
0.1333124784759956
0.1588971522390029
0.13171343649802617
0.11988052634667135
0.09845336690739594
0.10325049190948342
0.11348435905434355
0.10836742540136751
0.1416274970126825
0.11924090960614714
0.11348435905434355
0.1361907540756417
0.1365105624787198
0.12819554420144041
0.10069202522403856
0.1464246232829245
0.1294747777550898
0.13778979609726386
0.11348435905434355
0.14066807177542437
0.11444378413218781
0.12020033471787366
0.13746998769169322
0.13587094567318692
0.1387492213177132
0.14226711384063204
0.08917892563972457
0.1163626343048295
0.10772780870606652
0.12819554420144041
0.0994127918964558
0.12403803522116678
0.09845336690739594
0.1361907540756417
0.11476359249272526
0.13715017928674564
0.10708819201328315
0.10420991692692808
0.11380416741299688
0.1384294129102739
0.13363228687346151
0.11252493398215278
0.12020033471787366
0.146104814860558
0.10900704209918557
0.1521811749916636
0.14322653908722116
0.12339841846435566
0.11668244266913329
0.12371822684244825
0.14130768859964088
0.12371822684244825
0.10165145022635043
0.10325049190948342
0.14546519801768876
0.09461566700800006
0.12755592742836552
0.1163626343048295
0.10996646715063092
0.13363228687346151
0.13011439453566323
0.14066807177542437
0.1074080003593601
0.11348435905434355
0.11668244266913329
0.10420991692692808
0.12371822684244825
0.12435784360051125
0.1259568855066197
0.11412397577227834
0.12851535258891542
0.12115975983524073
0.1329926700791536
0.1272361190427658
0.13715017928674564
0.14418596433940645
0.09525528365158045
0.1310738197112077
0.11700225103406456
0.1345917120696021
0.12275880171004873
0.12435784360051125
0.1445057727580448
0.10964665879952012
0.1115655089156174
0.10580895863527143
0.1352313288701475
0.13171343649802617
0.1320332448923718
0.10357030024800136
0.13235305328734162
0.15410002560589398
0.10964665879952012
0.12979458614506417
0.14706424012952063
0.13139362810430477
0.12339841846435566
0.11060608385473922
0.12627669388971816
0.12115975983524073
0.11028627550237065
0.12883516097701536
0.11348435905434355
0.10612876697882981
0.14674443170591203
0.13746998769169322
0.11444378413218781
0.13171343649802617
0.14930289911216416
0.14418596433940645
0.11252493398215278
0.11668244266913329
0.12563707712414673
0.1345917120696021
0.12819554420144041
0.1365105624787198
0.11988052634667135
0.10452972526733671
0.12371822684244825
0.1329926700791536
0.15761791845655873
0.12755592742836552
0.08278275955848166
0.1448255811773047
0.1345917120696021
0.14066807177542437
0.146104814860558
0.12755592742836552
0.10772780870606652
0.12147956820894955
0.12851535258891542
0.1445057727580448
0.16529332129956023
0.1320332448923718
0.12883516097701536
0.11732205939962322
0.11412397577227834
0.15729811001249427
0.10133164189161568
0.10612876697882981
0.1259568855066197
0.12179937658328484
0.11572301757810466
0.13938883813445999
0.13683037088242114
0.1074080003593601
0.11956071797609581
0.10708819201328315
0.1435463475039946
0.12115975983524073
0.13139362810430477
0.12755592742836552
0.11284474233892143
0.1118853172705007
0.12115975983524073
0.1509019412612399
0.1384294129102739
0.14258692225553984
0.12531726874229934
0.1310738197112077
0.11124570056136265
0.11092589220773659
0.10548915029234286
0.13043420292688687
0.11828148450006307
0.11380416741299688
0.1489830906842102
0.1259568855066197
0.14194730542634623
0.15026232439974865
0.10357030024800136
0.12915496936574017
0.15122174969291577
0.11956071797609581
0.1365105624787198
0.11540320921568376
0.12339841846435566
0.12915496936574017
0.1473840485537502
0.10229106689771197
0.10389010858714962
0.12915496936574017
0.11796167613262254
0.13810960450345744
0.1352313288701475
0.13043420292688687
0.1163626343048295
0.10708819201328315
0.1496227075407386
0.1563386846840139
0.13235305328734162
0.11668244266913329
0.09973260022740488
0.13427190367026484
0.10644857532301794
0.15314060029599025
0.12435784360051125
0.12691631065779127
0.14322653908722116
0.11796167613262254
0.1118853172705007
0.11348435905434355
0.13427190367026484
0.14194730542634623
0.10325049190948342
0.11924090960614714
0.134911520469563
0.1259568855066197
0.10293068357159582
0.10612876697882981
0.11348435905434355
0.12052014308970271
0.12915496936574017
0.11380416741299688
0.11796167613262254
0.13555113727135548
0.11956071797609581
0.09589490029768913
0.14130768859964088
0.11796167613262254
0.09365624204737127
0.13139362810430477
0.14066807177542437
0.1294747777550898
0.14290673067106957
0.1352313288701475
0.10580895863527143
0.1310738197112077
0.12563707712414673
0.15729811001249427
0.10516934195004415
0.11060608385473922
0.12563707712414673
0.1272361190427658
0.10708819201328315
0.14802366540407197
0.13043420292688687
0.10900704209918557
0.12531726874229934
0.15058213283018418
0.13363228687346151
0.11092589220773659
0.12627669388971816
0.15601887624242497
0.11124570056136265
0.10836742540136751
0.1387492213177132
0.11252493398215278
0.10261087523433865
0.13683037088242114
0.1553792593611044
0.11828148450006307
0.1486632822568768
0.15825753534654366
0.17264891602430524
0.1272361190427658
0.11316455069631837
0.12755592742836552
0.1435463475039946
0.1598565775823298
0.1333124784759956
0.12307861008688914
0.10484953360837541
0.14258692225553984
0.11412397577227834
0.12403803522116678
0.1361907540756417
0.11348435905434355
0.13075401131873507
0.1345917120696021
0.12499746036107759
0.14322653908722116
0.10708819201328315
0.1352313288701475
0.11476359249272526
0.11540320921568376
0.10932685044903831
0.11668244266913329
0.1221191849582465
0.12883516097701536
0.1384294129102739
0.14834347383016402
0.11348435905434355
0.1320332448923718
0.1221191849582465
0.13906902972577526
0.10612876697882981
0.13587094567318692
0.13906902972577526
0.13139362810430477
0.12755592742836552
0.1294747777550898
0.11828148450006307
0.13267286168293557
0.12179937658328484
0.16081600293122078
0.13043420292688687
0.12307861008688914
0.11668244266913329
0.1384294129102739
0.12499746036107759
0.11412397577227834
0.1074080003593601
0.10516934195004415
0.1563386846840139
0.1115655089156174
0.14546519801768876
0.13938883813445999
0.10900704209918557
0.11348435905434355
0.14770385697860067
0.13587094567318692
0.1186012928681307
0.1588971522390029
0.11572301757810466
0.09589490029768913
0.13810960450345744
0.1435463475039946
0.11668244266913329
0.12115975983524073
0.09749394192401857
0.16497351284066572
0.10900704209918557
0.12115975983524073
0.11924090960614714
0.12979458614506417
0.10996646715063092
0.13395209527155127
0.12499746036107759
0.1352313288701475
0.14802366540407197
0.15378021716863985
0.13235305328734162
0.12915496936574017
0.10261087523433865
0.1320332448923718
0.12435784360051125
0.10964665879952012
0.14834347383016402
0.16017638603134202
0.09749394192401857
0.12883516097701536
0.11412397577227834
0.12499746036107759
0.09397605036694855
0.1329926700791536
0.12020033471787366
0.11892110123682544
0.14130768859964088
0.11764186776580926
0.1387492213177132
0.12819554420144041
0.11924090960614714
0.13011439453566323
0.10932685044903831
0.12083995146215842
0.13587094567318692
0.1221191849582465
0.1118853172705007
0.10772780870606652
0.12115975983524073
0.11668244266913329
0.12083995146215842
0.13235305328734162
0.15250098342581936
0.15282079186059494
0.10133164189161568
0.1329926700791536
0.1445057727580448
0.0971741335974892
0.14418596433940645
0.08278275955848166
0.08598084256739993
0.12467765198048153
0.1365105624787198
0.12371822684244825
0.1320332448923718
0.10516934195004415
0.10548915029234286
0.1272361190427658
0.12755592742836552
0.10197125856171589
0.13395209527155127
0.12979458614506417
0.09269681709243423
0.10484953360837541
0.1186012928681307
0.09173739214319081
0.13906902972577526
0.13075401131873507
0.15026232439974865
0.09525528365158045
0.11924090960614714
0.15282079186059494
0.07862525174179319
0.12083995146215842