0.02969459093492606
0.03513133028214399
0.05847733076999172
0.02329842723611547
0.03513133028214399
0.04312653554303293
0.041207686243713994
0.04824346712105507
0.03385209747778179
0.03449171387867269
0.054000015342814664
0.039288836967566854
0.043446343761837855
0.025217276318588628
0.05655848128583157
0.05527924830919796
0.03545113848484713
0.03321248107947184
0.05016231650521052
0.03864922054733631
0.042486919107352895
0.034811522080085824
0.03800960412968261
0.05112174120595268
0.0418473026742464
0.03545113848484713
0.042167110890477914
0.04536519308817182
0.03832941233818732
0.027775741798120538
0.04984250827291319
0.04088787802941326
0.03545113848484713
0.03385209747778179
0.039288836967566854
0.05048212473814959
0.03097382370571989
0.03449171387867269
0.03193324829059697
0.043766151981285965
0.04984250827291319
0.04632461776001711
0.043446343761837855
0.04280672732487125
0.026496509053180073
0.028415358174470287
0.042486919107352895
0.05591886479623375
0.03193324829059697
0.025856892684590446
0.04568500131147757
0.043446343761837855
0.05336039886346826
0.042486919107352895
0.04472557664348869
0.035770946688195145
0.053040590624756606
0.027775741798120538
0.03800960412968261
0.03768979592182224
0.054000015342814664
0.03193324829059697
0.03513133028214399
0.04568500131147757
0.03896902875712951
0.046644425985250766
0.04024826160274303
0.0415274944586584
0.04824346712105507
0.02681631723844514
0.03641056309682561
0.03705017950803482
0.049522700041257674
0.05080193297173033
0.028415358174470287
0.04024826160274303
0.03289267288128489
0.022978619057969125
0.042486919107352895
0.03449171387867269
0.036090754892188
0.04024826160274303
0.03832941233818732
0.043446343761837855
0.046004809535426024
0.035770946688195145
0.054639631824724755
0.03353228927830416
0.03705017950803482
0.04024826160274303
0.04056806981575624
0.04728404243764548
0.04056806981575624
0.03960864517864826
0.04568500131147757
0.04440576842211145
0.042167110890477914
0.04568500131147757
0.02201919452741577
0.043446343761837855
0.041207686243713994
0.032253056486847384
0.025537084501266027
0.0418473026742464
0.036730371302107906
0.04280672732487125
0.03321248107947184
0.03513133028214399
0.0415274944586584
0.04056806981575624
0.03896902875712951
0.05336039886346826
0.03705017950803482
0.0415274944586584
0.05655848128583157
0.052400974149256735
0.030014399126655496
0.04088787802941326
0.025856892684590446
0.04440576842211145
0.049522700041257674
0.046644425985250766
0.05048212473814959
0.03641056309682561
0.02969459093492606
0.03800960412968261
0.046004809535426024
0.04088787802941326
0.04472557664348869
0.039928453390373674
0.02905497455340564
0.03513133028214399
0.03513133028214399
0.04984250827291319
0.03257286468374338
0.018821112801020272
0.032253056486847384
0.049522700041257674
0.04728404243764548
0.04440576842211145
0.04504538486550883
0.039288836967566854
0.03321248107947184
0.049522700041257674
0.03832941233818732
0.0316134400949922
0.029374782743842753
0.034811522080085824
0.05016231650521052
0.03417190567790465
0.03449171387867269
0.03097382370571989
0.05655848128583157
0.04472557664348869
0.04440576842211145
0.05048212473814959
0.043446343761837855
0.043446343761837855
0.046004809535426024
0.04632461776001711
0.05080193297173033
0.036090754892188
0.039288836967566854
0.04536519308817182
0.03864922054733631
0.04920289181024404
0.052081165912468655
0.03513133028214399
0.04472557664348869
0.04696423421112691
0.037369987714606284
0.03896902875712951
0.036090754892188
0.053040590624756606
0.05272078238668607
0.052081165912468655
0.04632461776001711
0.03641056309682561
0.04312653554303293
0.03289267288128489
0.030014399126655496
0.03321248107947184
0.03960864517864826
0.036730371302107906
0.03896902875712951
0.03417190567790465
0.04024826160274303
0.025537084501266027
0.041207686243713994
0.05144154944081656
0.03832941233818732
0.043766151981285965
0.042486919107352895
0.039288836967566854
0.04504538486550883
0.03417190567790465
0.04472557664348869
0.04792365889260963
0.044085960201377186
0.04632461776001711
0.03641056309682561
0.05112174120595268
0.052400974149256735
0.05368020710282097
0.03417190567790465
0.0287351663636148
0.046004809535426024
0.042486919107352895
0.037369987714606284
0.05336039886346826
0.028095549985972176
0.035770946688195145
0.03800960412968261
0.03289267288128489
0.03321248107947184
0.0418473026742464
0.030654015512052477
0.05048212473814959
0.05751790602503091
0.03417190567790465
0.02393804359435059
0.03449171387867269
0.054000015342814664
0.04824346712105507
0.04024826160274303
0.05879713901959199
0.04056806981575624
0.043766151981285965
0.03864922054733631
0.0415274944586584
0.04312653554303293
0.046004809535426024
0.04824346712105507
0.03513133028214399
0.03385209747778179
0.043446343761837855
0.03257286468374338
0.029374782743842753
0.04856327535014267
0.03960864517864826
0.06007637202439133
0.04920289181024404
0.039288836967566854
0.06071598853062898
0.029374782743842753
0.04056806981575624
0.03321248107947184
0.03960864517864826
0.042167110890477914
0.06039618027719038
0.06007637202439133
0.05080193297173033
0.042167110890477914
0.03193324829059697
0.039928453390373674
0.04024826160274303
0.02905497455340564
0.03097382370571989
0.04312653554303293
0.04536519308817182
0.041207686243713994
0.037369987714606284
0.037369987714606284
0.036730371302107906
0.0415274944586584
0.037369987714606284
0.030654015512052477
0.027136125424356953
0.04888308357987234
0.04888308357987234
0.043766151981285965
0.03449171387867269
0.05016231650521052
0.04984250827291319
0.03864922054733631
0.04024826160274303
0.04472557664348869
0.04088787802941326
0.042167110890477914
0.036730371302107906
0.04056806981575624
0.03513133028214399
0.043766151981285965
0.05080193297173033
0.039928453390373674
0.03385209747778179
0.04440576842211145
0.05048212473814959
0.05591886479623375
0.03832941233818732
0.04568500131147757
0.042486919107352895
0.04632461776001711
0.03864922054733631
0.03641056309682561
0.04440576842211145
0.03513133028214399
0.044085960201377186
0.031293631900033154
0.04312653554303293
0.03353228927830416
0.036730371302107906
0.03385209747778179
0.03960864517864826
0.04536519308817182
0.04472557664348869
0.05112174120595268
0.04920289181024404
0.03832941233818732
0.05144154944081656
0.04504538486550883
0.03641056309682561
0.028095549985972176
0.029374782743842753
0.03864922054733631
0.03768979592182224
0.04824346712105507
0.059116947269832174
0.04440576842211145
0.054639631824724755
0.03641056309682561
0.028415358174470287
0.02393804359435059
0.037369987714606284
0.03960864517864826
0.039928453390373674
0.05623867304071244
0.03864922054733631
0.046004809535426024
0.04984250827291319
0.04728404243764548
0.04088787802941326
0.03864922054733631
0.043766151981285965
0.0418473026742464
0.04312653554303293
0.034811522080085824
0.034811522080085824
0.04440576842211145
0.042167110890477914
0.052081165912468655
0.054639631824724755
0.04504538486550883
0.05527924830919796
0.044085960201377186
0.03545113848484713
0.03385209747778179
0.04088787802941326
0.04984250827291319
0.036090754892188
0.04920289181024404
0.043766151981285965
0.04920289181024404
0.04696423421112691
0.04984250827291319
0.04568500131147757
0.04824346712105507
0.04920289181024404
0.043446343761837855
0.04088787802941326
0.05112174120595268
0.04472557664348869
0.03960864517864826
0.0287351663636148
0.0415274944586584
0.04920289181024404
0.05272078238668607
0.03545113848484713
0.04440576842211145
0.03800960412968261
0.02905497455340564
0.03705017950803482
0.036090754892188
0.043446343761837855
0.041207686243713994
0.04280672732487125
0.054959440066641004
0.04696423421112691
0.053040590624756606
0.04536519308817182
0.04824346712105507
0.03960864517864826
0.03449171387867269
0.043766151981285965
0.03385209747778179
0.04984250827291319
0.039288836967566854
0.054000015342814664
0.04024826160274303
0.03257286468374338
0.04856327535014267
0.04056806981575624
0.03513133028214399
0.03097382370571989
0.03385209747778179
0.03960864517864826
0.0415274944586584
0.041207686243713994
0.04856327535014267
0.03960864517864826
0.04568500131147757
0.05591886479623375
0.04280672732487125
0.05016231650521052
0.03960864517864826
0.04824346712105507
0.06103579678470705
0.04280672732487125
0.04568500131147757
0.04088787802941326
0.04792365889260963
0.03864922054733631
0.043766151981285965
0.03321248107947184
0.03768979592182224
0.04536519308817182
0.04504538486550883
0.05719809777799087
0.043766151981285965
0.02745593361091544
0.04472557664348869
0.054319823583449285
0.036090754892188
0.04312653554303293
0.039928453390373674
0.03800960412968261
0.028415358174470287
0.04504538486550883
0.04824346712105507
0.03960864517864826
0.043766151981285965
0.04536519308817182
0.03385209747778179
0.03289267288128489
0.04472557664348869
0.03353228927830416
0.04824346712105507
0.024257851774439225
0.0415274944586584
0.04056806981575624
0.05080193297173033
0.03768979592182224
0.037369987714606284
0.039928453390373674
0.030654015512052477
0.03385209747778179
0.036090754892188
0.03641056309682561
0.03896902875712951
0.039288836967566854
0.032253056486847384
0.04472557664348869
0.04632461776001711
0.04760385066480641
0.05527924830919796
0.04024826160274303
0.036730371302107906
0.05368020710282097
0.04568500131147757
0.03705017950803482
0.04280672732487125
0.04920289181024404
0.049522700041257674
0.03417190567790465
0.025217276318588628
0.05048212473814959
0.04536519308817182
0.04984250827291319
0.042167110890477914
0.037369987714606284
0.04024826160274303
0.04728404243764548
0.03257286468374338
0.03896902875712951
0.05368020710282097
0.04088787802941326
0.04632461776001711
0.046644425985250766
0.036730371302107906
0.05144154944081656
0.04920289181024404
0.052400974149256735
0.046004809535426024
0.032253056486847384
0.05847733076999172
0.046004809535426024
0.03321248107947184
0.0418473026742464
0.02745593361091544
0.04280672732487125
0.05751790602503091
0.03768979592182224
0.02681631723844514
0.035770946688195145
0.04888308357987234
0.04472557664348869
0.0415274944586584
0.044085960201377186
0.04024826160274303
0.0418473026742464
0.05112174120595268
0.05112174120595268
0.039928453390373674
0.04632461776001711
0.03960864517864826
0.032253056486847384
0.04312653554303293
0.03960864517864826
0.05080193297173033
0.04536519308817182
0.04568500131147757
0.054959440066641004
0.043766151981285965
0.03960864517864826
0.036730371302107906
0.046644425985250766
0.03864922054733631
0.05176135767632191
0.05847733076999172
0.04056806981575624
0.04088787802941326
0.03832941233818732
0.04984250827291319
0.04632461776001711
0.05080193297173033
0.04024826160274303
0.03800960412968261
0.03705017950803482
0.04504538486550883
0.04312653554303293
0.04824346712105507
0.04472557664348869
0.04472557664348869
0.03449171387867269
0.03641056309682561
0.03097382370571989
0.039288836967566854
0.05080193297173033
0.04312653554303293
0.037369987714606284
0.04984250827291319
0.04056806981575624
0.04696423421112691
0.03960864517864826
0.030014399126655496
0.055599056552395575
0.046004809535426024
0.03896902875712951
0.03417190567790465
0.03896902875712951
0.026176700868561817
0.054000015342814664
0.04568500131147757
0.03768979592182224
0.04696423421112691
0.02905497455340564
0.04504538486550883
0.0581575225210314
0.0287351663636148
0.043446343761837855
0.02681631723844514
0.05336039886346826
0.032253056486847384
0.039928453390373674
0.034811522080085824
0.04824346712105507
0.05016231650521052
0.04088787802941326
0.029374782743842753
0.04760385066480641
0.039928453390373674
0.03896902875712951
0.055599056552395575
0.04056806981575624
0.05144154944081656
0.04088787802941326
0.036730371302107906
0.0415274944586584
0.05847733076999172
0.05112174120595268
0.04472557664348869
0.03705017950803482
0.03960864517864826
0.036730371302107906
0.03193324829059697
0.041207686243713994
0.04504538486550883
0.05336039886346826
0.043446343761837855
0.04984250827291319
0.03385209747778179
0.03417190567790465
0.04568500131147757
0.05016231650521052
0.039288836967566854
0.04280672732487125
0.04280672732487125
0.04568500131147757
0.05751790602503091
0.025537084501266027
0.030334207319030995
0.04280672732487125
0.03960864517864826
0.039928453390373674
0.03768979592182224
0.04280672732487125
0.02457765995517516
0.04088787802941326
0.04632461776001711
0.054639631824724755
0.04440576842211145
0.043446343761837855
0.052400974149256735
0.031293631900033154
0.03513133028214399
0.037369987714606284
0.035770946688195145
0.054639631824724755
0.03864922054733631
0.042486919107352895
0.04920289181024404
0.03417190567790465
0.039928453390373674
0.06199522155077746
0.04920289181024404
0.042486919107352895
0.03545113848484713
0.04504538486550883
0.04568500131147757
0.04280672732487125
0.037369987714606284
0.03193324829059697
0.036090754892188
0.03705017950803482
0.0418473026742464
0.03768979592182224
0.02681631723844514
0.04792365889260963
0.039928453390373674
0.03353228927830416
0.04024826160274303
0.03193324829059697
0.034811522080085824
0.04824346712105507
0.04024826160274303
0.024257851774439225
0.0415274944586584
0.04792365889260963
0.036730371302107906
0.049522700041257674
0.04824346712105507
0.05048212473814959
0.04760385066480641
0.027136125424356953
0.044085960201377186
0.04760385066480641
0.03385209747778179
0.032253056486847384
0.049522700041257674
0.041207686243713994
0.03545113848484713
0.04312653554303293
0.041207686243713994
0.04728404243764548
0.04984250827291319
0.03417190567790465
0.042486919107352895
0.039288836967566854
0.04568500131147757
0.03960864517864826
0.03832941233818732
0.035770946688195145
0.034811522080085824
0.02681631723844514
0.0418473026742464
0.0415274944586584
0.049522700041257674
0.03864922054733631
0.04056806981575624
0.05112174120595268
0.046644425985250766
0.030014399126655496
0.042486919107352895
0.036090754892188
0.05176135767632191
0.036730371302107906
0.042167110890477914
0.039928453390373674
0.043766151981285965
0.037369987714606284
0.042486919107352895
0.034811522080085824
0.0578377142727111
0.03864922054733631
0.04728404243764548
0.041207686243713994
0.04472557664348869
0.03321248107947184
0.04536519308817182
0.03257286468374338
0.03832941233818732
0.039928453390373674
0.030014399126655496
0.054639631824724755
0.05048212473814959
0.04088787802941326
0.028095549985972176
0.03193324829059697
0.052081165912468655
0.043446343761837855
0.04568500131147757
0.04728404243764548
0.027775741798120538
0.04440576842211145
0.044085960201377186
0.04440576842211145
0.04792365889260963
0.04696423421112691
0.043766151981285965
0.043766151981285965
0.03896902875712951
0.0418473026742464
0.043766151981285965
0.041207686243713994
0.04792365889260963
0.044085960201377186
0.030654015512052477
0.04024826160274303
0.02905497455340564
0.043446343761837855
0.034811522080085824
0.0316134400949922
0.04312653554303293
0.04760385066480641
0.022658810880470347
0.03832941233818732
0.041207686243713994
0.0418473026742464
0.046004809535426024
0.043446343761837855
0.04440576842211145
0.03800960412968261
0.04536519308817182
0.05751790602503091
0.043766151981285965
0.05272078238668607
0.04056806981575624
0.04856327535014267
0.04440576842211145
0.022978619057969125
0.030334207319030995
0.037369987714606284
0.04056806981575624
0.049522700041257674
0.054959440066641004
0.05016231650521052
0.03097382370571989
0.05591886479623375
0.05655848128583157
0.03513133028214399
0.04312653554303293
0.04536519308817182
0.041207686243713994
0.04792365889260963
0.039288836967566854
0.036730371302107906
0.041207686243713994
0.052081165912468655
0.03768979592182224
0.059116947269832174
0.052400974149256735
0.04728404243764548
0.04024826160274303
0.0415274944586584
0.05112174120595268
0.039288836967566854
0.05591886479623375
0.036090754892188
0.05527924830919796
0.04440576842211145
0.04472557664348869
0.06135560503942454
0.03896902875712951
0.04536519308817182
0.04312653554303293
0.05176135767632191
0.037369987714606284
0.05048212473814959
0.04024826160274303
0.03960864517864826
0.043446343761837855
0.0418473026742464
0.039928453390373674
0.04280672732487125
0.043766151981285965
0.03960864517864826
0.036730371302107906
0.03832941233818732
0.04024826160274303
0.043446343761837855
0.06199522155077746
0.05655848128583157
0.04280672732487125
0.036730371302107906
0.04792365889260963
0.04984250827291319
0.04280672732487125
0.05623867304071244
0.03257286468374338
0.054000015342814664
0.03417190567790465
0.03193324829059697
0.05016231650521052
0.03768979592182224
0.042167110890477914
0.036730371302107906
0.041207686243713994
0.054319823583449285
0.043446343761837855
0.04568500131147757
0.03960864517864826
0.034811522080085824
0.034811522080085824
0.04568500131147757
0.03800960412968261
0.04280672732487125
0.049522700041257674
0.046004809535426024
0.03513133028214399
0.0415274944586584
0.05336039886346826
0.046004809535426024
0.03768979592182224
0.041207686243713994
0.034811522080085824
0.023618235414909317
0.05368020710282097
0.03768979592182224
0.04088787802941326
0.03385209747778179
0.03896902875712951
0.04696423421112691
0.03545113848484713
0.053040590624756606
0.04856327535014267
0.036730371302107906
0.04024826160274303
0.04024826160274303
0.024257851774439225
0.04472557664348869
0.036090754892188
0.04696423421112691
0.04536519308817182
0.053040590624756606
0.039288836967566854
0.042486919107352895
0.05751790602503091
0.03257286468374338
0.036730371302107906
0.05176135767632191
0.05048212473814959
0.04280672732487125
0.04568500131147757
0.0418473026742464
0.04984250827291319
0.04920289181024404
0.04312653554303293
0.05144154944081656
0.046644425985250766
0.042486919107352895
0.039288836967566854
0.05080193297173033
0.029374782743842753
0.03417190567790465
0.041207686243713994
0.03864922054733631
0.04984250827291319
0.052400974149256735
0.03513133028214399
0.04056806981575624
0.03800960412968261
0.0415274944586584
0.04856327535014267
0.02969459093492606
0.04024826160274303
0.04056806981575624
0.043446343761837855
0.0287351663636148
0.04792365889260963
0.04472557664348869
0.04056806981575624
0.036090754892188
0.0418473026742464
0.043766151981285965
0.042167110890477914
0.030334207319030995
0.04280672732487125
0.05048212473814959
0.03800960412968261
0.03097382370571989
0.04888308357987234
0.04632461776001711
0.04792365889260963
0.04632461776001711
0.04792365889260963
0.04024826160274303
0.04696423421112691
0.03864922054733631
0.0418473026742464
0.03896902875712951
0.039928453390373674
0.043766151981285965
0.04792365889260963
0.03385209747778179
0.05080193297173033
0.039288836967566854
0.046644425985250766
0.04024826160274303
0.03257286468374338
0.04280672732487125
0.04056806981575624
0.03960864517864826
0.043446343761837855
0.04504538486550883
0.032253056486847384
0.04568500131147757
0.03417190567790465
0.043446343761837855
0.032253056486847384
0.04984250827291319
0.04760385066480641
0.02905497455340564
0.04856327535014267
0.03768979592182224
0.03193324829059697
0.042486919107352895
0.03705017950803482
0.039928453390373674
0.04536519308817182
0.05527924830919796
0.0581575225210314
0.02681631723844514
0.03960864517864826
0.04024826160274303
0.03800960412968261
0.04632461776001711
0.05112174120595268
0.04536519308817182
0.046004809535426024
0.04984250827291319
0.0578377142727111
0.04312653554303293
0.05016231650521052
0.02457765995517516
0.04280672732487125
0.043766151981285965
0.03545113848484713
0.05272078238668607
0.05048212473814959
0.032253056486847384
0.043446343761837855
0.04056806981575624
0.030334207319030995
0.04728404243764548
0.04088787802941326
0.03832941233818732
0.04824346712105507
0.044085960201377186
0.04440576842211145
0.03960864517864826
0.042167110890477914
0.03832941233818732
0.054319823583449285
0.04632461776001711
0.054319823583449285
0.06103579678470705
0.04312653554303293
0.03545113848484713
0.03896902875712951
0.04568500131147757
0.05048212473814959
0.0415274944586584
0.04632461776001711
0.0418473026742464
0.03449171387867269
0.05016231650521052
0.042167110890477914
0.03768979592182224
0.04504538486550883
0.043446343761837855
0.035770946688195145
0.027136125424356953
0.04824346712105507
0.05623867304071244
0.03768979592182224
0.04280672732487125
0.04024826160274303
0.04280672732487125
0.04536519308817182
0.03545113848484713
0.04920289181024404
0.03960864517864826
0.039928453390373674
0.046644425985250766
0.03321248107947184
0.04760385066480641
0.037369987714606284
0.03449171387867269
0.041207686243713994
0.029374782743842753
0.03800960412968261
0.04696423421112691
0.034811522080085824
0.031293631900033154
0.04024826160274303
0.053040590624756606
0.02105977000269238
0.04440576842211145
0.03864922054733631
0.042167110890477914
0.03449171387867269
0.03896902875712951
0.04920289181024404
0.036730371302107906
0.03864922054733631
0.036730371302107906
0.039928453390373674
0.03832941233818732
0.03417190567790465
0.037369987714606284
0.03321248107947184
0.03960864517864826
0.03417190567790465
0.02745593361091544
0.04024826160274303
0.03896902875712951
0.036730371302107906
0.05048212473814959
0.05176135767632191
0.028415358174470287
0.03864922054733631
0.043766151981285965
0.039288836967566854
0.04696423421112691
0.043446343761837855
0.03864922054733631
0.044085960201377186
0.036730371302107906
0.039928453390373674
0.03705017950803482
0.03768979592182224
0.04632461776001711
0.04984250827291319
0.03896902875712951
0.02745593361091544
0.052081165912468655
0.04024826160274303
0.03960864517864826
0.04888308357987234
0.04536519308817182
0.04568500131147757
0.0418473026742464
0.03864922054733631
0.04856327535014267
0.04632461776001711
0.037369987714606284
0.04024826160274303
0.05016231650521052
0.04536519308817182
0.042486919107352895
0.031293631900033154
0.04056806981575624
0.05975656377223191
0.052081165912468655
0.035770946688195145
0.04472557664348869
0.0415274944586584
0.055599056552395575
0.03385209747778179
0.03385209747778179
0.03768979592182224
0.054959440066641004
0.04760385066480641
0.03417190567790465
0.032253056486847384
0.04056806981575624
0.04056806981575624
0.0415274944586584
0.046004809535426024
0.046004809535426024
0.04696423421112691
0.02969459093492606
0.04920289181024404
0.04472557664348869
0.0316134400949922
0.03832941233818732
0.030014399126655496
0.03513133028214399
0.0287351663636148
0.04632461776001711
0.036730371302107906
0.05144154944081656
0.03641056309682561
0.04056806981575624
0.046004809535426024
0.04920289181024404
0.042486919107352895
0.03385209747778179
0.03768979592182224
0.03768979592182224
0.027136125424356953
0.034811522080085824
0.04632461776001711
0.03896902875712951
0.04856327535014267
0.05080193297173033
0.043446343761837855
0.0418473026742464
0.030654015512052477
0.043766151981285965
0.042167110890477914
0.06295464632260071
0.037369987714606284
0.04536519308817182
0.043766151981285965
0.05527924830919796
0.046644425985250766
0.049522700041257674
0.043446343761837855
0.05655848128583157
0.036090754892188
0.04536519308817182
0.034811522080085824
0.03896902875712951
0.032253056486847384
0.04760385066480641
0.03193324829059697
0.042486919107352895
0.03768979592182224
0.04824346712105507
0.04088787802941326
0.03641056309682561
0.036730371302107906
0.05048212473814959
0.04440576842211145
0.041207686243713994
0.039928453390373674
0.05975656377223191
0.04568500131147757
0.053040590624756606
0.05527924830919796
0.041207686243713994
0.03385209747778179
0.0418473026742464
0.052400974149256735
0.036730371302107906
0.02329842723611547
0.04056806981575624
0.04760385066480641
0.032253056486847384
0.039928453390373674
0.042486919107352895
0.03321248107947184
0.053040590624756606
0.04056806981575624
0.05272078238668607
0.02329842723611547
0.046004809535426024
0.03449171387867269
0.03321248107947184
0.03641056309682561
0.043766151981285965
0.05655848128583157
0.04568500131147757
0.04440576842211145
0.04856327535014267
0.041207686243713994
0.04568500131147757
0.04920289181024404
0.05048212473814959
0.04440576842211145
0.0415274944586584
0.04312653554303293
0.04760385066480641
0.04088787802941326
0.04088787802941326
0.0415274944586584
0.04504538486550883
0.037369987714606284
0.03768979592182224
0.04472557664348869
0.05080193297173033
0.04696423421112691
0.02969459093492606
0.05144154944081656
0.054319823583449285
0.032253056486847384
0.041207686243713994
0.05336039886346826
0.046644425985250766
0.03896902875712951
0.03864922054733631
0.04312653554303293
0.043446343761837855
0.043446343761837855
0.046644425985250766
0.039928453390373674
0.03193324829059697
0.05719809777799087
0.04440576842211145
0.039288836967566854
0.0418473026742464
0.046644425985250766
0.04696423421112691
0.039288836967566854
0.03832941233818732
0.042486919107352895
0.04760385066480641
0.030014399126655496
0.04888308357987234
0.039288836967566854
0.044085960201377186
0.036730371302107906
0.03705017950803482
0.04536519308817182
0.05368020710282097
0.03257286468374338
0.059436755520712155
0.039288836967566854
0.04088787802941326
0.04024826160274303
0.03768979592182224
0.04056806981575624
0.03800960412968261
0.04632461776001711
0.05272078238668607
0.04856327535014267
0.044085960201377186
0.04632461776001711
0.04504538486550883
0.03353228927830416
0.05751790602503091
0.02905497455340564
0.03641056309682561
0.05591886479623375
0.03417190567790465
0.05527924830919796
0.04984250827291319
0.054319823583449285
0.03513133028214399
0.02105977000269238
0.04536519308817182
0.05112174120595268
0.03641056309682561
0.03513133028214399
0.04504538486550883
0.036090754892188
0.0287351663636148
0.043446343761837855
0.04920289181024404
0.05112174120595268
0.05368020710282097
0.03417190567790465
0.049522700041257674
0.04312653554303293
0.03097382370571989
0.036090754892188
0.04888308357987234
0.03097382370571989
0.04056806981575624
0.05048212473814959
0.026176700868561817
0.05272078238668607
0.04920289181024404
0.03832941233818732
0.036730371302107906
0.03896902875712951
0.03960864517864826
0.04280672732487125
0.04024826160274303
0.04024826160274303
0.03705017950803482
0.053040590624756606
0.028415358174470287
0.03289267288128489
0.03960864517864826
0.044085960201377186
0.039928453390373674
0.04984250827291319
0.042167110890477914
0.03417190567790465
0.04280672732487125
0.04632461776001711
0.05368020710282097
0.05112174120595268
0.03417190567790465
0.03832941233818732
0.04312653554303293
0.0415274944586584
0.04440576842211145
0.03960864517864826
0.04760385066480641
0.052400974149256735
0.03449171387867269
0.04760385066480641
0.03832941233818732
0.04024826160274303
0.04504538486550883
0.02457765995517516
0.037369987714606284
0.04440576842211145
0.04984250827291319
0.027136125424356953
0.030654015512052477
0.026176700868561817
0.039288836967566854
0.0415274944586584
0.03257286468374338
0.04792365889260963
0.04888308357987234
0.03449171387867269
0.03449171387867269
0.04056806981575624
0.039928453390373674
0.024897468136558316
0.04792365889260963
0.04792365889260963
0.042486919107352895
0.042167110890477914
0.03449171387867269
0.026176700868561817
0.035770946688195145
0.03832941233818732
0.06135560503942454
0.031293631900033154
0.03896902875712951
0.04856327535014267
0.0418473026742464
0.02969459093492606
0.046644425985250766
0.05048212473814959
0.036090754892188
0.054319823583449285
0.04696423421112691
0.04504538486550883
0.03353228927830416
0.034811522080085824
0.053040590624756606
0.03545113848484713
0.029374782743842753
0.04792365889260963
0.03353228927830416
0.025537084501266027
0.046004809535426024
0.04632461776001711
0.03545113848484713
0.05080193297173033
0.049522700041257674
0.05975656377223191
0.04856327535014267
0.029374782743842753
0.039928453390373674
0.042167110890477914
0.06263483806468721
0.05879713901959199
0.05527924830919796
0.0316134400949922
0.0415274944586584
0.04696423421112691
0.034811522080085824
0.042167110890477914
0.04504538486550883
0.03417190567790465
0.04824346712105507
0.046004809535426024
0.05016231650521052
0.03513133028214399
0.041207686243713994
0.03864922054733631
0.036730371302107906
0.04312653554303293
0.03449171387867269
0.052081165912468655
0.046644425985250766
0.04440576842211145
0.04504538486550883
0.036730371302107906
0.04312653554303293
0.0415274944586584
0.05112174120595268
0.04088787802941326
0.04312653554303293
0.04024826160274303
0.03896902875712951
0.04088787802941326
0.044085960201377186
0.0415274944586584
0.04696423421112691
0.03513133028214399
0.046004809535426024
0.042486919107352895
0.043766151981285965
0.034811522080085824
0.04024826160274303
0.02969459093492606
0.043766151981285965
0.04088787802941326
0.02969459093492606
0.04440576842211145
0.02969459093492606
0.03960864517864826
0.04696423421112691
0.04024826160274303
0.03321248107947184
0.05144154944081656
0.04024826160274303
0.03193324829059697
0.04920289181024404
0.03705017950803482
0.028415358174470287
0.04984250827291319
0.05080193297173033
0.043766151981285965
0.05048212473814959
0.042167110890477914
0.04760385066480641
0.025537084501266027
0.04504538486550883
0.0415274944586584
0.054319823583449285
0.036730371302107906
0.04504538486550883
0.03960864517864826
0.03289267288128489
0.046644425985250766
0.039288836967566854
0.03896902875712951
0.037369987714606284
0.03385209747778179
0.04312653554303293
0.04632461776001711
0.042167110890477914
0.04696423421112691
0.05687828953159107
0.0316134400949922
0.039928453390373674
0.043766151981285965
0.03832941233818732
0.030654015512052477
0.03545113848484713
0.03449171387867269
0.03417190567790465
0.043766151981285965
0.03641056309682561
0.03705017950803482
0.05272078238668607
0.042167110890477914
0.044085960201377186
0.03800960412968261
0.03417190567790465
0.037369987714606284
0.041207686243713994
0.03321248107947184
0.026496509053180073
0.0418473026742464
0.03768979592182224
0.03960864517864826
0.036090754892188
0.049522700041257674
0.043766151981285965
0.03768979592182224
0.04440576842211145
0.049522700041257674
0.02969459093492606
0.041207686243713994
0.02393804359435059
0.023618235414909317
0.043446343761837855
0.04696423421112691
0.039928453390373674
0.04984250827291319
0.03289267288128489
0.041207686243713994
0.037369987714606284
0.036090754892188
0.02969459093492606
0.035770946688195145
0.03832941233818732
0.026176700868561817
0.041207686243713994
0.032253056486847384
0.031293631900033154
0.06135560503942454
0.04728404243764548
0.042167110890477914
0.036090754892188
0.0418473026742464
0.06391407110017495
0.02393804359435059
0.04792365889260963