0.035770946688195145
0.04056806981575624
0.04984250827291319
0.02969459093492606
0.03960864517864826
0.046004809535426024
0.04472557664348869
0.03832941233818732
0.042167110890477914
0.039288836967566854
0.04088787802941326
0.03800960412968261
0.0415274944586584
0.03545113848484713
0.04792365889260963
0.03800960412968261
0.03417190567790465
0.039288836967566854
0.04504538486550883
0.04088787802941326
0.03705017950803482
0.04024826160274303
0.039288836967566854
0.0418473026742464
0.04312653554303293
0.04312653554303293
0.03705017950803482
0.03960864517864826
0.03832941233818732
0.03800960412968261
0.04504538486550883
0.03097382370571989
0.03193324829059697
0.0418473026742464
0.03289267288128489
0.03417190567790465
0.03768979592182224
0.04088787802941326
0.03832941233818732
0.04472557664348869
0.042167110890477914
0.03960864517864826
0.03832941233818732
0.037369987714606284
0.03449171387867269
0.03768979592182224
0.04088787802941326
0.046004809535426024
0.036090754892188
0.04056806981575624
0.042167110890477914
0.04728404243764548
0.04568500131147757
0.044085960201377186
0.04568500131147757
0.03097382370571989
0.04888308357987234
0.035770946688195145
0.03257286468374338
0.039928453390373674
0.042486919107352895
0.03513133028214399
0.036730371302107906
0.04280672732487125
0.039928453390373674
0.041207686243713994
0.03960864517864826
0.03321248107947184
0.04056806981575624
0.0316134400949922
0.039288836967566854
0.036090754892188
0.042486919107352895
0.046644425985250766
0.03353228927830416
0.03513133028214399
0.03641056309682561
0.03321248107947184
0.03960864517864826
0.03257286468374338
0.03896902875712951
0.03513133028214399
0.03545113848484713
0.046004809535426024
0.039928453390373674
0.036730371302107906
0.043446343761837855
0.03513133028214399
0.03800960412968261
0.04280672732487125
0.0418473026742464
0.03705017950803482
0.039928453390373674
0.04728404243764548
0.041207686243713994
0.03960864517864826
0.03896902875712951
0.041207686243713994
0.030334207319030995
0.03705017950803482
0.0418473026742464
0.03257286468374338
0.03321248107947184
0.0418473026742464
0.03832941233818732
0.04504538486550883
0.0415274944586584
0.036090754892188
0.04312653554303293
0.039288836967566854
0.036730371302107906
0.04536519308817182
0.039928453390373674
0.041207686243713994
0.04824346712105507
0.046004809535426024
0.042486919107352895
0.03896902875712951
0.03449171387867269
0.03545113848484713
0.052081165912468655
0.043766151981285965
0.04536519308817182
0.043766151981285965
0.036730371302107906
0.04024826160274303
0.04024826160274303
0.046004809535426024
0.03768979592182224
0.04056806981575624
0.03353228927830416
0.03705017950803482
0.04440576842211145
0.04984250827291319
0.04568500131147757
0.034811522080085824
0.036090754892188
0.03960864517864826
0.039288836967566854
0.04984250827291319
0.04632461776001711
0.034811522080085824
0.03960864517864826
0.049522700041257674
0.039288836967566854
0.03960864517864826
0.03321248107947184
0.03321248107947184
0.044085960201377186
0.03705017950803482
0.03832941233818732
0.039928453390373674
0.05048212473814959
0.0415274944586584
0.04568500131147757
0.04472557664348869
0.036090754892188
0.049522700041257674
0.03800960412968261
0.04024826160274303
0.04824346712105507
0.036730371302107906
0.046004809535426024
0.04568500131147757
0.030014399126655496
0.04728404243764548
0.04728404243764548
0.041207686243713994
0.04760385066480641
0.042486919107352895
0.03896902875712951
0.04312653554303293
0.036090754892188
0.04760385066480641
0.03960864517864826
0.04312653554303293
0.04696423421112691
0.0418473026742464
0.04504538486550883
0.037369987714606284
0.034811522080085824
0.03513133028214399
0.04280672732487125
0.03449171387867269
0.039288836967566854
0.035770946688195145
0.03705017950803482
0.03193324829059697
0.034811522080085824
0.04440576842211145
0.03257286468374338
0.04728404243764548
0.03864922054733631
0.0415274944586584
0.044085960201377186
0.04056806981575624
0.046004809535426024
0.04280672732487125
0.04056806981575624
0.042167110890477914
0.0418473026742464
0.04888308357987234
0.04888308357987234
0.042486919107352895
0.042486919107352895
0.037369987714606284
0.03832941233818732
0.036090754892188
0.030654015512052477
0.03832941233818732
0.031293631900033154
0.03545113848484713
0.0418473026742464
0.037369987714606284
0.046004809535426024
0.039928453390373674
0.03449171387867269
0.041207686243713994
0.041207686243713994
0.03289267288128489
0.03545113848484713
0.03800960412968261
0.043446343761837855
0.042486919107352895
0.04696423421112691
0.04760385066480641
0.04056806981575624
0.043766151981285965
0.037369987714606284
0.042167110890477914
0.035770946688195145
0.04280672732487125
0.043766151981285965
0.03832941233818732
0.03353228927830416
0.04056806981575624
0.031293631900033154
0.03545113848484713
0.042486919107352895
0.039928453390373674
0.042486919107352895
0.04824346712105507
0.0415274944586584
0.04792365889260963
0.03768979592182224
0.039928453390373674
0.03449171387867269
0.044085960201377186
0.03705017950803482
0.04920289181024404
0.04728404243764548
0.04024826160274303
0.03768979592182224
0.0418473026742464
0.04536519308817182
0.034811522080085824
0.03097382370571989
0.03353228927830416
0.03864922054733631
0.039928453390373674
0.03449171387867269
0.03768979592182224
0.0415274944586584
0.03832941233818732
0.031293631900033154
0.035770946688195145
0.030334207319030995
0.03768979592182224
0.04824346712105507
0.04056806981575624
0.03960864517864826
0.0316134400949922
0.042167110890477914
0.0415274944586584
0.035770946688195145
0.036090754892188
0.03768979592182224
0.04504538486550883
0.04280672732487125
0.04472557664348869
0.03960864517864826
0.03385209747778179
0.04088787802941326
0.043766151981285965
0.036090754892188
0.03864922054733631
0.04024826160274303
0.035770946688195145
0.04888308357987234
0.035770946688195145
0.03960864517864826
0.04056806981575624
0.04280672732487125
0.034811522080085824
0.03545113848484713
0.042167110890477914
0.0418473026742464
0.04440576842211145
0.03705017950803482
0.041207686243713994
0.04024826160274303
0.042167110890477914
0.034811522080085824
0.04056806981575624
0.04024826160274303
0.0415274944586584
0.03864922054733631
0.043766151981285965
0.03896902875712951
0.0415274944586584
0.0415274944586584
0.03832941233818732
0.03864922054733631
0.042486919107352895
0.04696423421112691
0.03768979592182224
0.03960864517864826
0.05016231650521052
0.04568500131147757
0.04088787802941326
0.039288836967566854
0.03705017950803482
0.03257286468374338
0.03449171387867269
0.0415274944586584
0.04696423421112691
0.04760385066480641
0.03800960412968261
0.04728404243764548
0.04312653554303293
0.043766151981285965
0.04568500131147757
0.03896902875712951
0.03832941233818732
0.04280672732487125
0.039928453390373674
0.03960864517864826
0.0415274944586584
0.0418473026742464
0.037369987714606284
0.04696423421112691
0.035770946688195145
0.036730371302107906
0.04888308357987234
0.05016231650521052
0.04088787802941326
0.042167110890477914
0.037369987714606284
0.042167110890477914
0.03289267288128489
0.041207686243713994
0.03705017950803482
0.04056806981575624
0.046644425985250766
0.04280672732487125
0.041207686243713994
0.04280672732487125
0.043446343761837855
0.039288836967566854
0.04056806981575624
0.03705017950803482
0.0316134400949922
0.03864922054733631
0.036730371302107906
0.03768979592182224
0.04056806981575624
0.05016231650521052
0.03768979592182224
0.039288836967566854
0.03864922054733631
0.035770946688195145
0.036730371302107906
0.039288836967566854
0.042486919107352895
0.04056806981575624
0.03641056309682561
0.04024826160274303
0.036730371302107906
0.04632461776001711
0.043446343761837855
0.042486919107352895
0.03641056309682561
0.04280672732487125
0.042486919107352895
0.03864922054733631
0.04280672732487125
0.03896902875712951
0.042486919107352895
0.04280672732487125
0.03641056309682561
0.03864922054733631
0.04984250827291319
0.03641056309682561
0.036090754892188
0.037369987714606284
0.036090754892188
0.04440576842211145
0.03513133028214399
0.043446343761837855
0.03864922054733631
0.04056806981575624
0.05016231650521052
0.03641056309682561
0.03896902875712951
0.04056806981575624
0.04504538486550883
0.05016231650521052
0.04056806981575624
0.04280672732487125
0.04632461776001711
0.0415274944586584
0.04088787802941326
0.03641056309682561
0.04088787802941326
0.03641056309682561
0.036730371302107906
0.04504538486550883
0.04728404243764548
0.03800960412968261
0.0316134400949922
0.03864922054733631
0.04824346712105507
0.034811522080085824
0.04280672732487125
0.03705017950803482
0.03385209747778179
0.03289267288128489
0.04056806981575624
0.043446343761837855
0.03896902875712951
0.04728404243764548
0.04568500131147757
0.035770946688195145
0.03257286468374338
0.039288836967566854
0.03449171387867269
0.04280672732487125
0.030654015512052477
0.039928453390373674
0.039928453390373674
0.04440576842211145
0.04056806981575624
0.04440576842211145
0.04536519308817182
0.039288836967566854
0.03449171387867269
0.044085960201377186
0.0418473026742464
0.03545113848484713
0.03417190567790465
0.036730371302107906
0.0418473026742464
0.034811522080085824
0.039928453390373674
0.043446343761837855
0.03800960412968261
0.03449171387867269
0.04472557664348869
0.04760385066480641
0.03257286468374338
0.03896902875712951
0.044085960201377186
0.036090754892188
0.036090754892188
0.0287351663636148
0.039928453390373674
0.043766151981285965
0.03896902875712951
0.03896902875712951
0.034811522080085824
0.04056806981575624
0.04056806981575624
0.036730371302107906
0.042486919107352895
0.04792365889260963
0.039288836967566854
0.04280672732487125
0.04440576842211145
0.04440576842211145
0.042486919107352895
0.04440576842211145
0.043446343761837855
0.043766151981285965
0.041207686243713994
0.04792365889260963
0.04760385066480641
0.03768979592182224
0.03800960412968261
0.03545113848484713
0.03864922054733631
0.04504538486550883
0.036730371302107906
0.034811522080085824
0.04024826160274303
0.042167110890477914
0.04312653554303293
0.0418473026742464
0.0418473026742464
0.0418473026742464
0.04056806981575624
0.04056806981575624
0.04632461776001711
0.04024826160274303
0.04056806981575624
0.04504538486550883
0.036730371302107906
0.03896902875712951
0.03641056309682561
0.04088787802941326
0.04440576842211145
0.04024826160274303
0.04504538486550883
0.036730371302107906
0.03193324829059697
0.03097382370571989
0.041207686243713994
0.042167110890477914
0.04568500131147757
0.04312653554303293
0.03800960412968261
0.041207686243713994
0.03513133028214399
0.04472557664348869
0.04056806981575624
0.046004809535426024
0.043766151981285965
0.036090754892188
0.04632461776001711
0.035770946688195145
0.03832941233818732
0.03417190567790465
0.03864922054733631
0.0418473026742464
0.036090754892188
0.030334207319030995
0.03257286468374338
0.034811522080085824
0.03545113848484713
0.037369987714606284
0.03385209747778179
0.04792365889260963
0.036090754892188
0.04696423421112691
0.03800960412968261
0.03800960412968261
0.05016231650521052
0.04920289181024404
0.037369987714606284
0.03513133028214399
0.03513133028214399
0.036730371302107906
0.04088787802941326
0.03960864517864826
0.039928453390373674
0.0418473026742464
0.03960864517864826
0.041207686243713994
0.046644425985250766
0.03353228927830416
0.04312653554303293
0.034811522080085824
0.046644425985250766
0.030654015512052477
0.039288836967566854
0.03800960412968261
0.04536519308817182
0.03321248107947184
0.0418473026742464
0.03449171387867269
0.04088787802941326
0.04440576842211145
0.0418473026742464
0.042167110890477914
0.036090754892188
0.04536519308817182
0.03513133028214399
0.04312653554303293
0.03960864517864826
0.04056806981575624
0.039288836967566854
0.04024826160274303
0.03513133028214399
0.0415274944586584
0.03545113848484713
0.03641056309682561
0.03545113848484713
0.0418473026742464
0.04440576842211145
0.03641056309682561
0.0415274944586584
0.03193324829059697
0.043766151981285965
0.0418473026742464
0.05080193297173033
0.042167110890477914
0.03641056309682561
0.036090754892188
0.03864922054733631
0.04472557664348869
0.029374782743842753
0.03641056309682561
0.043766151981285965
0.04568500131147757
0.03705017950803482
0.044085960201377186
0.044085960201377186
0.03097382370571989
0.04568500131147757
0.04888308357987234
0.043766151981285965
0.049522700041257674
0.0415274944586584
0.04280672732487125
0.03193324829059697
0.041207686243713994
0.036730371302107906
0.04056806981575624
0.042167110890477914
0.03417190567790465
0.04568500131147757
0.041207686243713994
0.036730371302107906
0.04696423421112691
0.04824346712105507
0.03800960412968261
0.03800960412968261
0.03545113848484713
0.053040590624756606
0.044085960201377186
0.042486919107352895
0.041207686243713994
0.03960864517864826
0.039928453390373674
0.039288836967566854
0.0415274944586584
0.04024826160274303
0.03417190567790465
0.039288836967566854
0.03321248107947184
0.04088787802941326
0.03960864517864826
0.03417190567790465
0.03864922054733631
0.036090754892188
0.03768979592182224
0.03641056309682561
0.03896902875712951
0.04568500131147757
0.03800960412968261
0.04504538486550883
0.042167110890477914
0.03896902875712951
0.03864922054733631
0.034811522080085824
0.04440576842211145
0.04536519308817182
0.0415274944586584
0.03768979592182224
0.04440576842211145
0.046004809535426024
0.03417190567790465
0.04056806981575624
0.04536519308817182
0.043766151981285965
0.0418473026742464
0.03832941233818732
0.04088787802941326
0.03705017950803482
0.03832941233818732
0.04472557664348869
0.03864922054733631
0.042167110890477914
0.04312653554303293
0.032253056486847384
0.04440576842211145
0.044085960201377186
0.041207686243713994
0.03768979592182224
0.03960864517864826
0.03545113848484713
0.04696423421112691
0.03385209747778179
0.03864922054733631
0.036090754892188
0.049522700041257674
0.04024826160274303
0.04024826160274303
0.0415274944586584
0.0415274944586584
0.043446343761837855
0.041207686243713994
0.03097382370571989
0.03832941233818732
0.03705017950803482
0.04280672732487125
0.04472557664348869
0.04696423421112691
0.034811522080085824
0.04856327535014267
0.03417190567790465
0.041207686243713994
0.03705017950803482
0.03545113848484713
0.04856327535014267
0.04792365889260963
0.04056806981575624
0.03800960412968261
0.037369987714606284
0.03960864517864826
0.041207686243713994
0.042167110890477914
0.04536519308817182
0.0316134400949922
0.0415274944586584
0.03385209747778179
0.03896902875712951
0.03960864517864826
0.04888308357987234
0.03353228927830416
0.035770946688195145
0.03641056309682561
0.04504538486550883
0.03800960412968261
0.046644425985250766
0.04312653554303293
0.041207686243713994
0.03417190567790465
0.03705017950803482
0.036730371302107906
0.0415274944586584
0.04440576842211145
0.042486919107352895
0.04824346712105507
0.03960864517864826
0.03513133028214399
0.042486919107352895
0.04056806981575624
0.04056806981575624
0.04024826160274303
0.03768979592182224
0.04312653554303293
0.042486919107352895
0.04920289181024404
0.04728404243764548
0.03641056309682561
0.04696423421112691
0.036730371302107906
0.03832941233818732
0.041207686243713994
0.03449171387867269
0.03385209747778179
0.03864922054733631
0.03768979592182224
0.039288836967566854
0.054319823583449285
0.04280672732487125
0.039928453390373674
0.04472557664348869
0.05016231650521052
0.043446343761837855
0.04504538486550883
0.04696423421112691
0.03800960412968261
0.04056806981575624
0.04088787802941326
0.0415274944586584
0.039928453390373674
0.04824346712105507
0.042486919107352895
0.052400974149256735
0.0418473026742464
0.03545113848484713
0.041207686243713994
0.042167110890477914
0.04568500131147757
0.042486919107352895
0.04024826160274303
0.039288836967566854
0.04472557664348869
0.04280672732487125
0.03641056309682561
0.04472557664348869
0.03705017950803482
0.039928453390373674
0.052400974149256735
0.04088787802941326
0.039928453390373674
0.046644425985250766
0.039928453390373674
0.03385209747778179
0.04280672732487125
0.03768979592182224
0.03960864517864826
0.03545113848484713
0.043446343761837855
0.04696423421112691
0.03960864517864826
0.04504538486550883
0.039288836967566854
0.04440576842211145
0.04856327535014267
0.046644425985250766
0.03705017950803482
0.03896902875712951
0.03832941233818732
0.03832941233818732
0.04504538486550883
0.04728404243764548
0.036730371302107906
0.046004809535426024
0.034811522080085824
0.03449171387867269
0.046644425985250766
0.036090754892188
0.04536519308817182
0.03449171387867269
0.049522700041257674
0.05016231650521052
0.03960864517864826
0.0418473026742464
0.046644425985250766
0.037369987714606284
0.032253056486847384
0.043766151981285965
0.039288836967566854
0.036730371302107906
0.04760385066480641
0.0418473026742464
0.037369987714606284
0.035770946688195145
0.04440576842211145
0.046004809535426024
0.04280672732487125
0.0415274944586584
0.03832941233818732
0.03289267288128489
0.04472557664348869
0.03513133028214399
0.039288836967566854
0.04312653554303293
0.04824346712105507
0.043446343761837855
0.04568500131147757
0.05176135767632191
0.04632461776001711
0.039288836967566854
0.03960864517864826
0.037369987714606284
0.034811522080085824
0.042486919107352895
0.042167110890477914
0.049522700041257674
0.05112174120595268
0.042486919107352895
0.042486919107352895
0.03705017950803482
0.04728404243764548
0.03641056309682561
0.03641056309682561
0.049522700041257674
0.04024826160274303
0.044085960201377186
0.041207686243713994
0.03864922054733631
0.03864922054733631
0.041207686243713994
0.034811522080085824
0.04024826160274303
0.03864922054733631
0.04088787802941326
0.04312653554303293
0.04568500131147757
0.03864922054733631
0.03705017950803482
0.036730371302107906
0.037369987714606284
0.042486919107352895
0.04024826160274303
0.039928453390373674
0.04440576842211145
0.03513133028214399
0.03385209747778179
0.043446343761837855
0.037369987714606284
0.03960864517864826
0.041207686243713994
0.041207686243713994
0.03193324829059697
0.04280672732487125
0.039928453390373674
0.041207686243713994
0.03641056309682561
0.04440576842211145
0.039928453390373674
0.043766151981285965
0.03960864517864826
0.03385209747778179
0.04536519308817182
0.03385209747778179
0.036730371302107906
0.043766151981285965
0.03705017950803482
0.04056806981575624
0.04312653554303293
0.042167110890477914
0.043446343761837855
0.0418473026742464
0.03353228927830416
0.03513133028214399
0.042167110890477914
0.03960864517864826
0.044085960201377186
0.0418473026742464
0.036730371302107906
0.039928453390373674
0.04504538486550883
0.03960864517864826
0.04088787802941326
0.034811522080085824
0.04728404243764548
0.0418473026742464
0.036730371302107906
0.036730371302107906
0.03768979592182224
0.041207686243713994
0.03960864517864826
0.034811522080085824
0.04472557664348869
0.042486919107352895
0.042167110890477914
0.04536519308817182
0.04056806981575624
0.042486919107352895
0.04024826160274303
0.036090754892188
0.041207686243713994
0.042167110890477914
0.04056806981575624
0.04280672732487125
0.042486919107352895
0.05144154944081656
0.035770946688195145
0.03800960412968261
0.0418473026742464
0.03800960412968261
0.04888308357987234
0.04536519308817182
0.043766151981285965
0.04472557664348869
0.04056806981575624
0.054319823583449285
0.039288836967566854
0.03960864517864826
0.036090754892188
0.04024826160274303
0.042167110890477914
0.03800960412968261
0.042486919107352895
0.04088787802941326
0.03385209747778179
0.03513133028214399
0.03705017950803482
0.03705017950803482
0.043766151981285965
0.042167110890477914
0.036730371302107906
0.043766151981285965
0.036730371302107906
0.03800960412968261
0.04440576842211145
0.039288836967566854
0.04536519308817182
0.043766151981285965
0.03960864517864826
0.04760385066480641
0.04696423421112691
0.04440576842211145
0.04312653554303293
0.03800960412968261
0.03800960412968261
0.04536519308817182
0.04056806981575624
0.039928453390373674
0.042486919107352895
0.035770946688195145
0.04696423421112691
0.03289267288128489
0.03800960412968261
0.04696423421112691
0.036730371302107906
0.03896902875712951
0.03353228927830416
0.043446343761837855
0.052400974149256735
0.03513133028214399
0.042167110890477914
0.03641056309682561
0.04984250827291319
0.043766151981285965
0.03832941233818732
0.04024826160274303
0.043766151981285965
0.036730371302107906
0.04568500131147757
0.03545113848484713
0.04440576842211145
0.03960864517864826
0.03960864517864826
0.04088787802941326
0.03864922054733631
0.04472557664348869
0.049522700041257674
0.03768979592182224
0.03705017950803482
0.04536519308817182
0.054319823583449285
0.03641056309682561
0.03960864517864826
0.041207686243713994
0.044085960201377186
0.03641056309682561
0.04088787802941326
0.04280672732487125
0.039288836967566854
0.037369987714606284
0.03545113848484713
0.03097382370571989
0.03768979592182224
0.039928453390373674
0.04056806981575624
0.03257286468374338
0.035770946688195145
0.036730371302107906
0.03449171387867269
0.03321248107947184
0.039928453390373674
0.03832941233818732
0.04536519308817182
0.042486919107352895
0.03513133028214399
0.044085960201377186
0.04088787802941326
0.04728404243764548
0.03800960412968261
0.042486919107352895
0.03960864517864826
0.04056806981575624
0.04280672732487125
0.041207686243713994
0.043766151981285965
0.03417190567790465
0.044085960201377186
0.04632461776001711
0.03257286468374338
0.034811522080085824
0.046004809535426024
0.03960864517864826
0.04280672732487125
0.04568500131147757
0.043766151981285965
0.04504538486550883
0.04888308357987234
0.0418473026742464
0.04440576842211145
0.03768979592182224
0.0418473026742464
0.03513133028214399
0.042486919107352895
0.0415274944586584
0.04504538486550883
0.03321248107947184
0.0418473026742464
0.046004809535426024
0.05144154944081656
0.04472557664348869
0.03864922054733631
0.039288836967566854
0.04728404243764548
0.03545113848484713
0.03545113848484713
0.046004809535426024
0.04760385066480641
0.04280672732487125
0.037369987714606284
0.03705017950803482
0.03321248107947184
0.03800960412968261
0.03896902875712951
0.04280672732487125
0.04696423421112691
0.04280672732487125
0.036090754892188
0.03832941233818732
0.04440576842211145
0.0415274944586584
0.03864922054733631
0.042486919107352895
0.03800960412968261
0.034811522080085824
0.042167110890477914
0.03960864517864826
0.03864922054733631
0.043766151981285965
0.036730371302107906
0.04088787802941326
0.046004809535426024
0.044085960201377186
0.0316134400949922
0.0415274944586584
0.043446343761837855
0.039288836967566854
0.031293631900033154
0.04856327535014267
0.044085960201377186
0.04728404243764548
0.043766151981285965
0.039288836967566854
0.04024826160274303
0.042486919107352895
0.041207686243713994
0.036730371302107906
0.04984250827291319
0.034811522080085824
0.04088787802941326
0.04088787802941326
0.04632461776001711
0.04472557664348869
0.0415274944586584
0.0418473026742464
0.04472557664348869
0.032253056486847384
0.04728404243764548
0.042486919107352895
0.04472557664348869
0.03257286468374338
0.04056806981575624
0.03513133028214399
0.043766151981285965
0.03768979592182224
0.04536519308817182
0.039928453390373674
0.03768979592182224
0.032253056486847384
0.04440576842211145
0.046004809535426024
0.044085960201377186
0.041207686243713994
0.04504538486550883
0.04088787802941326
0.04536519308817182
0.04760385066480641
0.04568500131147757
0.04056806981575624
0.03768979592182224
0.04280672732487125
0.032253056486847384
0.030014399126655496
0.041207686243713994
0.04504538486550883
0.03513133028214399
0.04088787802941326
0.03545113848484713
0.03896902875712951
0.043766151981285965
0.03832941233818732
0.046644425985250766
0.03321248107947184
0.0418473026742464
0.039288836967566854
0.03417190567790465
0.0415274944586584
0.044085960201377186
0.04632461776001711
0.03832941233818732
0.04632461776001711
0.0415274944586584
0.03768979592182224
0.03768979592182224
0.036090754892188
0.03960864517864826
0.04312653554303293
0.04792365889260963
0.04088787802941326
0.03832941233818732
0.04056806981575624
0.041207686243713994
0.03449171387867269
0.049522700041257674
0.03768979592182224
0.03545113848484713
0.036090754892188
0.04312653554303293
0.03832941233818732
0.03641056309682561
0.03864922054733631
0.04632461776001711
0.036730371302107906
0.04504538486550883
0.041207686243713994
0.03960864517864826
0.044085960201377186
0.03768979592182224
0.04088787802941326
0.043446343761837855
0.044085960201377186
0.04312653554303293
0.039288836967566854
0.0415274944586584
0.0418473026742464
0.04280672732487125
0.03768979592182224
0.03353228927830416
0.039928453390373674
0.037369987714606284
0.03641056309682561
0.036730371302107906
0.03513133028214399
0.04472557664348869
0.03864922054733631
0.04280672732487125
0.04440576842211145
0.03545113848484713
0.04280672732487125
0.03864922054733631
0.04440576842211145
0.043446343761837855
0.04056806981575624
0.04888308357987234
0.04632461776001711
0.0415274944586584
0.03864922054733631
0.03800960412968261
0.03896902875712951
0.042486919107352895
0.042486919107352895
0.04568500131147757
0.04312653554303293
0.04696423421112691
0.042167110890477914
0.03417190567790465
0.037369987714606284
0.05336039886346826
0.039288836967566854
0.0316134400949922
0.04312653554303293
0.03417190567790465
0.04504538486550883
0.04792365889260963
0.039928453390373674
0.032253056486847384
0.036730371302107906
0.03800960412968261
0.04760385066480641
0.04024826160274303
0.034811522080085824
0.03864922054733631
0.03832941233818732
0.03417190567790465
0.03768979592182224
0.04440576842211145
0.04984250827291319
0.042167110890477914
0.03385209747778179
0.04056806981575624
0.03449171387867269
0.031293631900033154
0.034811522080085824
0.04056806981575624
0.03545113848484713
0.03417190567790465
0.046004809535426024
0.03513133028214399
0.03864922054733631
0.04472557664348869
0.03864922054733631
0.04632461776001711
0.03641056309682561
0.03417190567790465
0.04088787802941326
0.03896902875712951
0.03896902875712951
0.0418473026742464
0.0415274944586584
0.030654015512052477
0.036090754892188
0.037369987714606284
0.04536519308817182
0.04056806981575624
0.04312653554303293
0.0418473026742464
0.034811522080085824
0.03545113848484713
0.046004809535426024
0.05080193297173033
0.04088787802941326
0.03960864517864826
0.03513133028214399
0.04056806981575624
0.04024826160274303
0.04088787802941326
0.03289267288128489
0.04024826160274303
0.04440576842211145
0.036090754892188
0.04280672732487125
0.03832941233818732
0.046644425985250766
0.0418473026742464
0.031293631900033154
0.042486919107352895
0.04504538486550883
0.04312653554303293
0.030654015512052477
0.037369987714606284
0.0316134400949922
0.0418473026742464
0.0418473026742464
0.03353228927830416
0.03705017950803482
0.03449171387867269
0.03800960412968261
0.030654015512052477
0.046644425985250766
0.036730371302107906
0.034811522080085824
0.042486919107352895
0.04280672732487125
0.04024826160274303
0.039928453390373674
0.03385209747778179
0.03097382370571989
0.03353228927830416
0.03960864517864826
0.04824346712105507
0.03417190567790465
0.03545113848484713
0.041207686243713994
0.03513133028214399
0.04024826160274303
0.046644425985250766
0.04504538486550883
0.02681631723844514
0.04856327535014267
0.041207686243713994
0.0415274944586584
0.03417190567790465
0.03257286468374338
0.04568500131147757
0.04024826160274303
0.03832941233818732
0.03768979592182224
0.03832941233818732
0.03513133028214399
0.0415274944586584
0.034811522080085824
0.042167110890477914
0.042486919107352895
0.0418473026742464
0.046004809535426024
0.04312653554303293
0.03896902875712951
0.036090754892188
0.043446343761837855
0.04824346712105507
0.04792365889260963
0.046644425985250766
0.04024826160274303
0.035770946688195145
0.04088787802941326
0.042167110890477914
0.042167110890477914
0.03705017950803482
0.04056806981575624
0.04856327535014267
0.0418473026742464
0.039288836967566854
0.03417190567790465
0.034811522080085824
0.036730371302107906
0.03097382370571989
0.03800960412968261
0.039928453390373674
0.04312653554303293
0.04088787802941326
0.043766151981285965
0.04472557664348869
0.03449171387867269
0.04760385066480641
0.04824346712105507
0.04632461776001711
0.03768979592182224
0.04504538486550883
0.042486919107352895
0.03896902875712951
0.03864922054733631
0.04920289181024404
0.039928453390373674
0.039928453390373674
0.035770946688195145
0.04280672732487125
0.03832941233818732
0.0415274944586584
0.03864922054733631
0.03896902875712951
0.04056806981575624
0.03705017950803482
0.039288836967566854
0.04056806981575624
0.03768979592182224
0.030334207319030995
0.043446343761837855
0.043446343761837855
0.042486919107352895
0.0316134400949922
0.039288836967566854
0.04056806981575624
0.037369987714606284
0.04632461776001711
0.039288836967566854
0.026176700868561817
0.03768979592182224
0.05048212473814959
0.041207686243713994
0.0415274944586584
0.03641056309682561
0.04472557664348869
0.03896902875712951
0.042167110890477914
0.03705017950803482
0.046004809535426024
0.039288836967566854
0.04024826160274303
0.03832941233818732
0.04504538486550883
0.04792365889260963
0.04056806981575624
0.04280672732487125
0.03864922054733631
0.036090754892188
0.039288836967566854
0.035770946688195145
0.03768979592182224
0.041207686243713994
0.04792365889260963
0.03768979592182224
0.04632461776001711
0.043766151981285965
0.041207686243713994
0.03513133028214399
0.039288836967566854
0.0316134400949922
0.03417190567790465
0.044085960201377186
0.03257286468374338
0.04312653554303293
0.039928453390373674
0.03800960412968261
0.04088787802941326
0.03417190567790465
0.03641056309682561
0.043446343761837855
0.03641056309682561
0.032253056486847384
0.042167110890477914
0.03705017950803482
0.031293631900033154
0.03705017950803482
0.036730371302107906
0.03641056309682561
0.04056806981575624
0.03960864517864826
0.039928453390373674
0.036090754892188
0.03289267288128489
0.041207686243713994
0.03193324829059697
0.0316134400949922
0.04472557664348869
0.036730371302107906
0.041207686243713994
0.04856327535014267
0.0316134400949922
0.04280672732487125
0.035770946688195145
0.03289267288128489
0.039928453390373674
0.043766151981285965
0.036730371302107906
0.030014399126655496
0.03768979592182224
0.036730371302107906
0.03417190567790465
0.04696423421112691
0.04088787802941326
0.03832941233818732
0.03321248107947184
0.03641056309682561
0.05272078238668607
0.03353228927830416
0.04632461776001711