0.10804761705340236
0.0856610342636537
0.10900704209918557
0.09141758382804191
0.11476359249272526
0.10452972526733671
0.11924090960614714
0.10868723374996195
0.1010118335575117
0.10069202522403856
0.12403803522116678
0.09589490029768913
0.10612876697882981
0.10772780870606652
0.13011439453566323
0.12147956820894955
0.10133164189161568
0.08885911732964077
0.11476359249272526
0.11572301757810466
0.09525528365158045
0.10836742540136751
0.11316455069631837
0.11540320921568376
0.11892110123682544
0.09461566700800006
0.11508340085389059
0.10964665879952012
0.08342237615518952
0.10580895863527143
0.0994127918964558
0.0837421844544954
0.09845336690739594
0.12275880171004873
0.09141758382804191
0.10996646715063092
0.10580895863527143
0.11732205939962322
0.11476359249272526
0.09685432527159152
0.10708819201328315
0.10612876697882981
0.1221191849582465
0.10005240855898508
0.10165145022635043
0.10804761705340236
0.10996646715063092
0.11764186776580926
0.08917892563972457
0.09141758382804191
0.10580895863527143
0.11988052634667135
0.11572301757810466
0.12339841846435566
0.11412397577227834
0.09397605036694855
0.13139362810430477
0.09141758382804191
0.10868723374996195
0.11988052634667135
0.09525528365158045
0.10516934195004415
0.10133164189161568
0.11220512562601251
0.11092589220773659
0.10261087523433865
0.11124570056136265
0.09813355857897199
0.12020033471787366
0.09333643372842641
0.10868723374996195
0.1074080003593601
0.09813355857897199
0.0990929835661379
0.09493547532947418
0.09589490029768913
0.09429585868715816
0.08981854226179224
0.08342237615518952
0.10900704209918557
0.0990929835661379
0.08949873395044175
0.10516934195004415
0.10165145022635043
0.11700225103406456
0.1115655089156174
0.11508340085389059
0.10484953360837541
0.1010118335575117
0.10900704209918557
0.10133164189161568
0.11284474233892143
0.12020033471787366
0.0994127918964558
0.08885911732964077
0.11124570056136265
0.11764186776580926
0.10261087523433865
0.08726007578872487
0.10293068357159582
0.11028627550237065
0.09877317523645124
0.09781375025117951
0.09525528365158045
0.10293068357159582
0.10868723374996195
0.10357030024800136
0.10996646715063092
0.11604282594115328
0.09333643372842641
0.10516934195004415
0.11252493398215278
0.09333643372842641
0.10005240855898508
0.1163626343048295
0.12979458614506417
0.11572301757810466
0.10548915029234286
0.08022429319704572
0.11028627550237065
0.1118853172705007
0.1115655089156174
0.1221191849582465
0.10612876697882981
0.10804761705340236
0.11444378413218781
0.09877317523645124
0.11316455069631837
0.1294747777550898
0.11476359249272526
0.10389010858714962
0.09429585868715816
0.10708819201328315
0.10165145022635043
0.10580895863527143
0.09173739214319081
0.11540320921568376
0.11316455069631837
0.08118371807782135
0.11476359249272526
0.11348435905434355
0.0955750919743188
0.11028627550237065
0.11764186776580926
0.09493547532947418
0.08662045917679456
0.09525528365158045
0.10868723374996195
0.11284474233892143
0.11284474233892143
0.09493547532947418
0.0955750919743188
0.10516934195004415
0.09973260022740488
0.10420991692692808
0.10644857532301794
0.10932685044903831
0.12531726874229934
0.10612876697882981
0.10708819201328315
0.10868723374996195
0.08949873395044175
0.09397605036694855
0.11284474233892143
0.10420991692692808
0.10836742540136751
0.11092589220773659
0.12403803522116678
0.11796167613262254
0.11412397577227834
0.11572301757810466
0.11764186776580926
0.09845336690739594
0.12435784360051125
0.1010118335575117
0.0994127918964558
0.11124570056136265
0.14226711384063204
0.1118853172705007
0.12403803522116678
0.07638659373113844
0.08694026748244278
0.08534122596054158
0.09493547532947418
0.08726007578872487
0.09685432527159152
0.09237700877538704
0.09845336690739594
0.1118853172705007
0.12627669388971816
0.09301662541011405
0.09653451694632556
0.10484953360837541
0.08438180105501072
0.12883516097701536
0.11924090960614714
0.09461566700800006
0.11220512562601251
0.12691631065779127
0.11284474233892143
0.10580895863527143
0.12659650227344205
0.11604282594115328
0.11668244266913329
0.09365624204737127
0.08917892563972457
0.09301662541011405
0.11732205939962322
0.09173739214319081
0.10133164189161568
0.0990929835661379
0.09269681709243423
0.1010118335575117
0.08917892563972457
0.09333643372842641
0.10644857532301794
0.08630065087178025
0.10293068357159582
0.12435784360051125
0.08789969240319036
0.08310256785651826
0.10580895863527143
0.12435784360051125
0.10708819201328315
0.09525528365158045
0.1118853172705007
0.09621470862169142
0.10133164189161568
0.11220512562601251
0.09301662541011405
0.10357030024800136
0.1115655089156174
0.11764186776580926
0.1163626343048295
0.0971741335974892
0.10612876697882981
0.08853930902019043
0.09685432527159152
0.10996646715063092
0.11060608385473922
0.1320332448923718
0.08246295126107983
0.11316455069631837
0.09973260022740488
0.09813355857897199
0.09333643372842641
0.10612876697882981
0.09845336690739594
0.10005240855898508
0.11412397577227834
0.10452972526733671
0.12371822684244825
0.1224389933338345
0.11412397577227834
0.11028627550237065
0.11476359249272526
0.09333643372842641
0.09365624204737127
0.09525528365158045
0.1010118335575117
0.10197125856171589
0.0994127918964558
0.09301662541011405
0.10165145022635043
0.09493547532947418
0.07606678544644599
0.0815035263726835
0.09685432527159152
0.09653451694632556
0.11892110123682544
0.10133164189161568
0.08821950071137359
0.11348435905434355
0.12979458614506417
0.12179937658328484
0.10932685044903831
0.10452972526733671
0.09621470862169142
0.10804761705340236
0.12147956820894955
0.12052014308970271
0.09429585868715816
0.09973260022740488
0.12179937658328484
0.09173739214319081
0.10165145022635043
0.09045815888639286
0.10708819201328315
0.13587094567318692
0.09173739214319081
0.11476359249272526
0.1320332448923718
0.10932685044903831
0.07734601858903228
0.11892110123682544
0.10932685044903831
0.0955750919743188
0.11348435905434355
0.10197125856171589
0.10357030024800136
0.11348435905434355
0.1074080003593601
0.10197125856171589
0.10389010858714962
0.10708819201328315
0.08981854226179224
0.11828148450006307
0.12403803522116678
0.10452972526733671
0.09461566700800006
0.10772780870606652
0.11316455069631837
0.1224389933338345
0.09749394192401857
0.10516934195004415
0.11988052634667135
0.10516934195004415
0.11796167613262254
0.12275880171004873
0.1186012928681307
0.10580895863527143
0.09333643372842641
0.09141758382804191
0.09781375025117951
0.10293068357159582
0.1416274970126825
0.11668244266913329
0.10165145022635043
0.09653451694632556
0.11028627550237065
0.12147956820894955
0.11220512562601251
0.10612876697882981
0.10644857532301794
0.10484953360837541
0.09109777551352591
0.10197125856171589
0.09045815888639286
0.12627669388971816
0.11668244266913329
0.10229106689771197
0.10836742540136751
0.1115655089156174
0.12435784360051125
0.11348435905434355
0.10357030024800136
0.10676838366783574
0.10612876697882981
0.09973260022740488
0.08726007578872487
0.11060608385473922
0.10357030024800136
0.10357030024800136
0.11380416741299688
0.09365624204737127
0.10996646715063092
0.10548915029234286
0.12115975983524073
0.08438180105501072
0.12371822684244825
0.11380416741299688
0.08438180105501072
0.10612876697882981
0.09205720045897256
0.10420991692692808
0.12435784360051125
0.1118853172705007
0.10133164189161568
0.07382812747141593
0.08853930902019043
0.08757988409564076
0.08118371807782135
0.08821950071137359
0.11604282594115328
0.12083995146215842
0.1115655089156174
0.11476359249272526
0.09173739214319081
0.09749394192401857
0.11540320921568376
0.10612876697882981
0.08981854226179224
0.09781375025117951
0.10964665879952012
0.10484953360837541
0.11412397577227834
0.09877317523645124
0.11220512562601251
0.11348435905434355
0.08662045917679456
0.11700225103406456
0.10580895863527143
0.10357030024800136
0.08821950071137359
0.09813355857897199
0.11220512562601251
0.07990448490472433
0.10516934195004415
0.0955750919743188
0.0994127918964558
0.08949873395044175
0.11252493398215278
0.09621470862169142
0.12339841846435566
0.12467765198048153
0.10644857532301794
0.1259568855066197
0.09301662541011405
0.10452972526733671
0.0994127918964558
0.10133164189161568
0.10325049190948342
0.09845336690739594
0.09621470862169142
0.10197125856171589
0.11252493398215278
0.1329926700791536
0.11380416741299688
0.10197125856171589
0.08885911732964077
0.11412397577227834
0.12307861008688914
0.11028627550237065
0.11732205939962322
0.10644857532301794
0.10676838366783574
0.10389010858714962
0.10229106689771197
0.10612876697882981
0.10037221689119634
0.10452972526733671
0.10293068357159582
0.10293068357159582
0.10804761705340236
0.1163626343048295
0.08885911732964077
0.09653451694632556
0.10389010858714962
0.11060608385473922
0.09525528365158045
0.09813355857897199
0.09845336690739594
0.08598084256739993
0.11124570056136265
0.0971741335974892
0.11060608385473922
0.11060608385473922
0.11476359249272526
0.09845336690739594
0.13043420292688687
0.08246295126107983
0.11572301757810466
0.0990929835661379
0.1074080003593601
0.12819554420144041
0.13075401131873507
0.10197125856171589
0.1259568855066197
0.1186012928681307
0.10357030024800136
0.11508340085389059
0.12052014308970271
0.11732205939962322
0.10516934195004415
0.07734601858903228
0.1163626343048295
0.11796167613262254
0.10357030024800136
0.0990929835661379
0.10325049190948342
0.10868723374996195
0.09749394192401857
0.07638659373113844
0.10357030024800136
0.10389010858714962
0.09013835057377596
0.11796167613262254
0.1224389933338345
0.09237700877538704
0.11316455069631837
0.08502141765806367
0.10868723374996195
0.09429585868715816
0.09589490029768913
0.134911520469563
0.12052014308970271
0.12179937658328484
0.10005240855898508
0.0715894695275826
0.10836742540136751
0.1224389933338345
0.1115655089156174
0.09621470862169142
0.10069202522403856
0.10133164189161568
0.10868723374996195
0.10900704209918557
0.10772780870606652
0.10644857532301794
0.10644857532301794
0.10229106689771197
0.09749394192401857
0.08694026748244278
0.10772780870606652
0.11444378413218781
0.09365624204737127
0.10229106689771197
0.10484953360837541
0.1259568855066197
0.10452972526733671
0.11540320921568376
0.10197125856171589
0.09749394192401857
0.0837421844544954
0.08885911732964077
0.1010118335575117
0.09877317523645124
0.11604282594115328
0.11988052634667135
0.09781375025117951
0.11348435905434355
0.08502141765806367
0.11284474233892143
0.10836742540136751
0.11924090960614714
0.09813355857897199
0.11092589220773659
0.09429585868715816
0.10900704209918557
0.10452972526733671
0.0971741335974892
0.10996646715063092
0.10836742540136751
0.08726007578872487
0.10484953360837541
0.09813355857897199
0.12179937658328484
0.12499746036107759
0.09525528365158045
0.10868723374996195
0.12531726874229934
0.12307861008688914
0.1224389933338345
0.10452972526733671
0.10165145022635043
0.12083995146215842
0.10484953360837541
0.11220512562601251
0.09013835057377596
0.11380416741299688
0.09621470862169142
0.10005240855898508
0.11092589220773659
0.10229106689771197
0.1010118335575117
0.09781375025117951
0.09365624204737127
0.10836742540136751
0.10133164189161568
0.09333643372842641
0.09461566700800006
0.11668244266913329
0.08726007578872487
0.09493547532947418
0.09205720045897256
0.11028627550237065
0.10357030024800136
0.11284474233892143
0.11220512562601251
0.0971741335974892
0.10229106689771197
0.11444378413218781
0.12627669388971816
0.07734601858903228
0.11540320921568376
0.09461566700800006
0.1163626343048295
0.10644857532301794
0.1118853172705007
0.09813355857897199
0.09749394192401857
0.10900704209918557
0.11284474233892143
0.09365624204737127
0.08630065087178025
0.09173739214319081
0.10420991692692808
0.10932685044903831
0.0955750919743188
0.11732205939962322
0.09013835057377596
0.11348435905434355
0.09685432527159152
0.12499746036107759
0.09237700877538704
0.09461566700800006
0.09813355857897199
0.10580895863527143
0.1384294129102739
0.10325049190948342
0.08118371807782135
0.11892110123682544
0.10293068357159582
0.10325049190948342
0.09973260022740488
0.11380416741299688
0.09429585868715816
0.11476359249272526
0.13427190367026484
0.12403803522116678
0.11444378413218781
0.10868723374996195
0.11380416741299688
0.09301662541011405
0.09333643372842641
0.09013835057377596
0.09365624204737127
0.11124570056136265
0.08470160935622002
0.10772780870606652
0.10325049190948342
0.08278275955848166
0.1115655089156174
0.12467765198048153
0.11796167613262254
0.1224389933338345
0.08981854226179224
0.10452972526733671
0.11412397577227834
0.10644857532301794
0.09877317523645124
0.10229106689771197
0.10133164189161568
0.09749394192401857
0.13235305328734162
0.11028627550237065
0.08757988409564076
0.09173739214319081
0.11412397577227834
0.10261087523433865
0.12915496936574017
0.10580895863527143
0.09013835057377596
0.09237700877538704
0.1163626343048295
0.0731885109128506
0.11220512562601251
0.10357030024800136
0.0990929835661379
0.09685432527159152
0.10516934195004415
0.12179937658328484
0.10548915029234286
0.08438180105501072
0.10133164189161568
0.09813355857897199
0.11764186776580926
0.0990929835661379
0.13906902972577526
0.10197125856171589
0.10580895863527143
0.12147956820894955
0.13587094567318692
0.11444378413218781
0.0994127918964558
0.0971741335974892
0.10708819201328315
0.1010118335575117
0.09781375025117951
0.09365624204737127
0.11604282594115328
0.09237700877538704
0.09333643372842641
0.10133164189161568
0.11508340085389059
0.09269681709243423
0.10836742540136751
0.08885911732964077
0.10069202522403856
0.10676838366783574
0.08821950071137359
0.10133164189161568
0.11252493398215278
0.09461566700800006
0.11668244266913329
0.10484953360837541
0.10708819201328315
0.09173739214319081
0.11348435905434355
0.10900704209918557
0.08949873395044175
0.09333643372842641
0.11924090960614714
0.10676838366783574
0.10452972526733671
0.09845336690739594
0.11700225103406456
0.10165145022635043
0.11668244266913329
0.09973260022740488
0.1272361190427658
0.09045815888639286
0.1163626343048295
0.10804761705340236
0.11764186776580926
0.10868723374996195
0.10357030024800136
0.09109777551352591
0.10964665879952012
0.10836742540136751
0.09813355857897199
0.11348435905434355
0.10069202522403856
0.12371822684244825
0.11028627550237065
0.10804761705340236
0.09781375025117951
0.10996646715063092
0.0990929835661379
0.10548915029234286
0.09109777551352591
0.10964665879952012
0.09685432527159152
0.12275880171004873
0.10133164189161568
0.11412397577227834
0.08853930902019043
0.09973260022740488
0.09429585868715816
0.11316455069631837
0.10325049190948342
0.11508340085389059
0.10261087523433865
0.11508340085389059
0.10325049190948342
0.08726007578872487
0.11348435905434355
0.11252493398215278
0.11124570056136265
0.11284474233892143
0.11348435905434355
0.10325049190948342
0.1221191849582465
0.14290673067106957
0.10804761705340236
0.10516934195004415
0.0994127918964558
0.08981854226179224
0.11796167613262254
0.11124570056136265
0.09141758382804191
0.10325049190948342
0.11124570056136265
0.11956071797609581
0.11604282594115328
0.11380416741299688
0.10772780870606652
0.12915496936574017
0.13043420292688687
0.10868723374996195
0.0990929835661379
0.11028627550237065
0.0994127918964558
0.11252493398215278
0.10293068357159582
0.10548915029234286
0.10772780870606652
0.1224389933338345
0.11572301757810466
0.11540320921568376
0.12179937658328484
0.0971741335974892
0.07478755231403875
0.10389010858714962
0.11604282594115328
0.10964665879952012
0.11444378413218781
0.10452972526733671
0.09845336690739594
0.10996646715063092
0.11604282594115328
0.11668244266913329
0.09685432527159152
0.12115975983524073
0.10676838366783574
0.09077796719964287
0.10836742540136751
0.10772780870606652
0.0994127918964558
0.09621470862169142
0.11604282594115328
0.08278275955848166
0.09397605036694855
0.10005240855898508
0.08917892563972457
0.10996646715063092
0.10644857532301794
0.10293068357159582
0.09205720045897256
0.11540320921568376
0.09525528365158045
0.11540320921568376
0.11124570056136265
0.09397605036694855
0.0815035263726835
0.11764186776580926
0.11412397577227834
0.11060608385473922
0.10516934195004415
0.10484953360837541
0.0990929835661379
0.10900704209918557
0.10325049190948342
0.10069202522403856
0.11892110123682544
0.08853930902019043
0.10964665879952012
0.12371822684244825
0.10708819201328315
0.10932685044903831
0.10420991692692808
0.10357030024800136
0.10357030024800136
0.09813355857897199
0.09621470862169142
0.12275880171004873
0.12052014308970271
0.10133164189161568
0.0994127918964558
0.11252493398215278
0.09973260022740488
0.13139362810430477
0.1118853172705007
0.09589490029768913
0.0971741335974892
0.10357030024800136
0.1333124784759956
0.09045815888639286
0.09653451694632556
0.10133164189161568
0.10516934195004415
0.09685432527159152
0.1118853172705007
0.12979458614506417
0.0971741335974892
0.10772780870606652
0.08949873395044175
0.09493547532947418
0.10452972526733671
0.09653451694632556
0.1272361190427658
0.12851535258891542
0.10932685044903831
0.0955750919743188
0.0990929835661379
0.10005240855898508
0.12179937658328484
0.10708819201328315
0.09173739214319081
0.09493547532947418
0.10165145022635043
0.10389010858714962
0.10484953360837541
0.09173739214319081
0.10644857532301794
0.12467765198048153
0.11124570056136265
0.12403803522116678
0.10261087523433865
0.10964665879952012
0.10197125856171589
0.11604282594115328
0.10900704209918557
0.10165145022635043
0.09269681709243423
0.10069202522403856
0.1272361190427658
0.11124570056136265
0.10452972526733671
0.10964665879952012
0.10133164189161568
0.11316455069631837
0.10868723374996195
0.09493547532947418
0.11060608385473922
0.10261087523433865
0.1163626343048295
0.09589490029768913
0.11028627550237065
0.11444378413218781
0.11988052634667135
0.10484953360837541
0.11252493398215278
0.12915496936574017
0.09653451694632556
0.09269681709243423
0.08694026748244278
0.11892110123682544
0.10484953360837541
0.10900704209918557
0.10420991692692808
0.09333643372842641
0.10676838366783574
0.08694026748244278
0.10516934195004415
0.10772780870606652
0.11700225103406456
0.09845336690739594
0.10133164189161568
0.12147956820894955
0.10868723374996195
0.11028627550237065
0.10708819201328315
0.08789969240319036
0.09045815888639286
0.11732205939962322
0.10804761705340236
0.10420991692692808
0.12275880171004873
0.12915496936574017
0.11348435905434355
0.12915496936574017
0.10868723374996195
0.10484953360837541
0.09237700877538704
0.10229106689771197
0.10484953360837541
0.09813355857897199
0.10165145022635043
0.09077796719964287
0.12915496936574017
0.0990929835661379
0.11668244266913329
0.10037221689119634
0.07574697716238973
0.11060608385473922
0.11348435905434355
0.10516934195004415
0.1224389933338345
0.10772780870606652
0.11796167613262254
0.10069202522403856
0.10932685044903831
0.11412397577227834
0.10452972526733671
0.11412397577227834
0.10932685044903831
0.11828148450006307
0.09525528365158045
0.11252493398215278
0.1400284549536972
0.09973260022740488
0.10516934195004415
0.07190927780336219
0.10772780870606652
0.11700225103406456
0.08278275955848166
0.12659650227344205
0.09141758382804191
0.0994127918964558
0.07990448490472433
0.09237700877538704
0.10165145022635043
0.11572301757810466
0.10996646715063092
0.11732205939962322
0.11764186776580926
0.10548915029234286
0.10804761705340236
0.10964665879952012
0.11380416741299688
0.10932685044903831
0.1010118335575117
0.10069202522403856
0.11540320921568376
0.12627669388971816
0.09685432527159152
0.12020033471787366
0.10964665879952012
0.1221191849582465
0.10165145022635043
0.10836742540136751
0.10900704209918557
0.1163626343048295
0.11540320921568376
0.11924090960614714
0.1115655089156174
0.09973260022740488
0.12659650227344205
0.10804761705340236
0.09365624204737127
0.11092589220773659
0.1221191849582465
0.11220512562601251
0.08981854226179224
0.11380416741299688
0.10293068357159582
0.11092589220773659
0.11732205939962322
0.11444378413218781
0.1118853172705007
0.11092589220773659
0.12531726874229934
0.11380416741299688
0.08949873395044175
0.10996646715063092
0.09365624204737127
0.11476359249272526
0.1294747777550898
0.09589490029768913
0.11604282594115328
0.12371822684244825
0.09141758382804191
0.08342237615518952
0.09269681709243423
0.11764186776580926
0.09237700877538704
0.11668244266913329
0.12275880171004873
0.10900704209918557
0.09685432527159152
0.0955750919743188
0.10261087523433865
0.10197125856171589
0.11316455069631837
0.09653451694632556
0.10612876697882981
0.12020033471787366
0.08726007578872487
0.10932685044903831
0.08598084256739993
0.13171343649802617
0.10644857532301794
0.08438180105501072
0.09749394192401857
0.1186012928681307
0.10676838366783574
0.11956071797609581
0.13171343649802617
0.10357030024800136
0.08726007578872487
0.11540320921568376
0.1186012928681307
0.11124570056136265
0.11764186776580926
0.10037221689119634
0.09461566700800006
0.08502141765806367
0.11764186776580926
0.11220512562601251
0.10708819201328315
0.12755592742836552
0.10420991692692808
0.10484953360837541
0.09973260022740488
0.11540320921568376
0.09749394192401857
0.08949873395044175
0.11540320921568376
0.11508340085389059
0.08118371807782135
0.12499746036107759
0.11028627550237065
0.10389010858714962
0.10932685044903831
0.10612876697882981
0.11252493398215278
0.12307861008688914
0.10708819201328315
0.11284474233892143
0.1010118335575117
0.1186012928681307
0.11732205939962322
0.13011439453566323
0.09973260022740488
0.13746998769169322
0.09685432527159152
0.10996646715063092
0.08726007578872487
0.10069202522403856
0.09461566700800006
0.11796167613262254
0.10420991692692808
0.10772780870606652
0.10804761705340236
0.10996646715063092
0.12691631065779127
0.09429585868715816
0.12020033471787366
0.12052014308970271
0.10932685044903831
0.08662045917679456
0.09045815888639286
0.09429585868715816
0.10484953360837541
0.10005240855898508
0.11476359249272526
0.09749394192401857
0.10644857532301794
0.09205720045897256
0.11220512562601251
0.08981854226179224
0.10389010858714962
0.10357030024800136
0.10772780870606652
0.11764186776580926
0.09653451694632556
0.08502141765806367
0.1186012928681307
0.10772780870606652
0.09877317523645124
0.10197125856171589
0.10868723374996195
0.1224389933338345
0.12563707712414673
0.10772780870606652
0.12020033471787366
0.09845336690739594
0.09973260022740488
0.13011439453566323
0.09813355857897199
0.10708819201328315
0.09237700877538704
0.10708819201328315
0.10580895863527143
0.10644857532301794
0.09461566700800006
0.08853930902019043
0.10293068357159582
0.10932685044903831
0.08534122596054158
0.09845336690739594
0.10900704209918557
0.1118853172705007
0.09237700877538704
0.10836742540136751
0.08757988409564076
0.11220512562601251
0.09877317523645124
0.13011439453566323
0.11124570056136265
0.11668244266913329
0.1224389933338345
0.10708819201328315
0.11060608385473922
0.11380416741299688
0.10900704209918557
0.10900704209918557
0.10932685044903831
0.11892110123682544
0.1118853172705007
0.09813355857897199
0.10612876697882981
0.11732205939962322
0.11124570056136265
0.1074080003593601
0.08726007578872487
0.10133164189161568
0.12499746036107759
0.09621470862169142
0.10612876697882981
0.0837421844544954
0.10612876697882981
0.09525528365158045
0.10804761705340236
0.11700225103406456
0.10197125856171589
0.11668244266913329
0.1118853172705007
0.09301662541011405
0.10580895863527143
0.10484953360837541
0.10836742540136751
0.08406199275443582
0.10964665879952012
0.0990929835661379
0.09269681709243423
0.10868723374996195
0.09589490029768913
0.1074080003593601
0.08022429319704572
0.11316455069631837
0.0971741335974892
0.09813355857897199
0.12115975983524073
0.10197125856171589
0.10900704209918557
0.10644857532301794
0.11380416741299688
0.08406199275443582
0.08917892563972457
0.10452972526733671
0.09621470862169142
0.0856610342636537
0.10165145022635043
0.10293068357159582
0.09237700877538704
0.09621470862169142
0.12115975983524073
0.10932685044903831
0.13075401131873507
0.11092589220773659
0.10868723374996195
0.10484953360837541
0.10996646715063092
0.12083995146215842
0.10900704209918557
0.10293068357159582
0.10325049190948342
0.1163626343048295
0.10516934195004415
0.09845336690739594
0.11892110123682544
0.10580895863527143
0.08917892563972457
0.08246295126107983
0.10964665879952012
0.11220512562601251
0.10676838366783574
0.10996646715063092
0.13171343649802617
0.11412397577227834
0.11476359249272526
0.11444378413218781
0.12403803522116678
0.10676838366783574
0.10229106689771197
0.1310738197112077
0.11764186776580926
0.1186012928681307
0.1186012928681307
0.11028627550237065
0.09077796719964287
0.09525528365158045
0.11348435905434355
0.10484953360837541
0.11540320921568376
0.12883516097701536
0.11508340085389059
0.10964665879952012
0.09525528365158045
0.11412397577227834
0.0856610342636537
0.09205720045897256
0.10452972526733671
0.1118853172705007
0.11252493398215278
0.11508340085389059
0.12435784360051125
0.10069202522403856
0.09365624204737127
0.12020033471787366
0.12563707712414673
0.08821950071137359
0.09525528365158045
0.09621470862169142
0.10900704209918557
0.10996646715063092
0.10900704209918557
0.09973260022740488
0.13011439453566323
0.09397605036694855
0.11700225103406456
0.1352313288701475
0.09269681709243423
0.10005240855898508
0.0808639097835943
0.09493547532947418
0.09173739214319081
0.10772780870606652
0.1365105624787198
0.1163626343048295
0.11316455069631837
0.10389010858714962
0.10644857532301794
0.08694026748244278
0.09749394192401857
0.09813355857897199
0.10676838366783574
0.1118853172705007
0.11092589220773659
0.1221191849582465
0.1365105624787198
0.10516934195004415
0.10133164189161568
0.1163626343048295
0.09845336690739594
0.11572301757810466
0.10548915029234286
0.09109777551352591
0.09845336690739594
0.11572301757810466
0.11956071797609581
0.13139362810430477
0.1115655089156174
0.09365624204737127
0.09493547532947418
0.09045815888639286
0.10644857532301794
0.12307861008688914
0.11028627550237065
0.11316455069631837
0.11668244266913329
0.09685432527159152
0.1115655089156174
0.10644857532301794
0.12147956820894955
0.10772780870606652
0.09045815888639286
0.07606678544644599
0.10964665879952012
0.0994127918964558
0.09141758382804191
0.10516934195004415
0.09109777551352591
0.10389010858714962
0.1320332448923718
0.08694026748244278
0.10804761705340236
0.10197125856171589
0.10069202522403856
0.08534122596054158
0.09173739214319081
0.09621470862169142
0.09621470862169142
0.10357030024800136
0.10420991692692808
0.09877317523645124
0.11124570056136265
0.10644857532301794
0.09365624204737127
0.10261087523433865
0.11028627550237065
0.12563707712414673
0.09685432527159152
0.09845336690739594
0.10996646715063092
0.10932685044903831
0.0955750919743188
0.10964665879952012
0.13938883813445999
0.10868723374996195
0.11764186776580926
0.12179937658328484
0.1010118335575117
0.10037221689119634
0.11028627550237065
0.1509019412612399
0.09813355857897199
0.10868723374996195
0.11220512562601251
0.09301662541011405
0.09653451694632556
0.11060608385473922
0.12435784360051125
0.08726007578872487
0.13043420292688687
0.134911520469563
0.1186012928681307
0.1224389933338345
0.0990929835661379
0.1118853172705007
0.11092589220773659
0.10996646715063092
0.12115975983524073
0.11796167613262254
0.09365624204737127
0.11508340085389059
0.10516934195004415
0.10676838366783574
0.08118371807782135
0.11732205939962322
0.09237700877538704
0.12275880171004873
0.1010118335575117
0.09013835057377596
0.10005240855898508
0.11508340085389059
0.08917892563972457
0.08694026748244278
0.10133164189161568
0.11604282594115328
0.10964665879952012
0.10676838366783574
0.12339841846435566
0.09333643372842641
0.10229106689771197
0.11700225103406456
0.12083995146215842
0.1224389933338345
0.09205720045897256
0.10452972526733671
0.10836742540136751
0.10548915029234286
0.0971741335974892
0.12083995146215842
0.10420991692692808
0.10548915029234286
0.0994127918964558
0.10516934195004415
0.10964665879952012
0.0994127918964558
0.09621470862169142
0.13715017928674564
0.10484953360837541
0.10996646715063092
0.08310256785651826
0.07542716887896972
0.12083995146215842
0.09973260022740488
0.10836742540136751
0.10996646715063092
0.10037221689119634
0.11060608385473922
0.10836742540136751
0.0994127918964558
0.11732205939962322
0.11348435905434355
0.1115655089156174
0.08726007578872487
0.09333643372842641
0.11060608385473922
0.08470160935622002
0.09045815888639286
0.10612876697882981
0.13235305328734162
0.09813355857897199
0.11956071797609581
0.10005240855898508
0.10612876697882981
0.09589490029768913
0.11124570056136265
0.09493547532947418
0.09973260022740488
0.11540320921568376
0.10261087523433865
0.11988052634667135
0.10868723374996195
0.10197125856171589
0.10836742540136751
0.10389010858714962
0.09301662541011405
0.13746998769169322
0.12275880171004873
0.09589490029768913
0.09045815888639286
0.11988052634667135
0.1115655089156174
0.11124570056136265
0.0990929835661379
0.08598084256739993
0.09365624204737127
0.1118853172705007
0.10484953360837541
0.11284474233892143
0.12147956820894955
0.11028627550237065
0.10005240855898508
0.09653451694632556
0.10165145022635043
0.10037221689119634
0.1010118335575117
0.09749394192401857
0.11796167613262254
0.0990929835661379
0.09013835057377596
0.09589490029768913
0.0955750919743188
0.10964665879952012
0.1118853172705007
0.11380416741299688
0.11956071797609581
0.1163626343048295
0.09237700877538704
0.12531726874229934
0.08694026748244278
0.08214314296431281
0.10293068357159582
0.0994127918964558
0.11604282594115328
0.12563707712414673
0.09493547532947418
0.09109777551352591
0.11060608385473922
0.11060608385473922
0.10165145022635043
0.10420991692692808
0.10804761705340236
0.09653451694632556
0.1186012928681307
0.10676838366783574
0.09845336690739594
0.11828148450006307
0.10484953360837541
0.1115655089156174
0.09493547532947418
0.09749394192401857
0.11924090960614714
0.0837421844544954
0.1115655089156174