0.03864922054733631
0.037369987714606284
0.06071598853062898
0.02681631723844514
0.04504538486550883
0.04696423421112691
0.049522700041257674
0.043446343761837855
0.04472557664348869
0.042167110890477914
0.053040590624756606
0.04280672732487125
0.03768979592182224
0.036730371302107906
0.06103579678470705
0.05144154944081656
0.03321248107947184
0.043766151981285965
0.053040590624756606
0.044085960201377186
0.04024826160274303
0.043766151981285965
0.042167110890477914
0.0415274944586584
0.05080193297173033
0.0415274944586584
0.04312653554303293
0.04632461776001711
0.043446343761837855
0.03896902875712951
0.04856327535014267
0.036090754892188
0.030014399126655496
0.04472557664348869
0.035770946688195145
0.04280672732487125
0.035770946688195145
0.043446343761837855
0.03864922054733631
0.042167110890477914
0.05048212473814959
0.039288836967566854
0.044085960201377186
0.04728404243764548
0.03321248107947184
0.03289267288128489
0.04728404243764548
0.05048212473814959
0.03385209747778179
0.03641056309682561
0.04888308357987234
0.05368020710282097
0.05368020710282097
0.04632461776001711
0.05016231650521052
0.042167110890477914
0.05847733076999172
0.03513133028214399
0.03960864517864826
0.04088787802941326
0.04280672732487125
0.03896902875712951
0.04056806981575624
0.05591886479623375
0.037369987714606284
0.043766151981285965
0.052400974149256735
0.04312653554303293
0.04760385066480641
0.04312653554303293
0.039288836967566854
0.03321248107947184
0.05048212473814959
0.05080193297173033
0.03289267288128489
0.04792365889260963
0.036090754892188
0.03641056309682561
0.03705017950803482
0.03385209747778179
0.043446343761837855
0.04280672732487125
0.036730371302107906
0.032253056486847384
0.046004809535426024
0.03705017950803482
0.04984250827291319
0.0418473026742464
0.04632461776001711
0.044085960201377186
0.043446343761837855
0.043766151981285965
0.046644425985250766
0.04696423421112691
0.043446343761837855
0.04632461776001711
0.03768979592182224
0.05048212473814959
0.027775741798120538
0.03513133028214399
0.05048212473814959
0.03385209747778179
0.030014399126655496
0.04856327535014267
0.037369987714606284
0.046644425985250766
0.0415274944586584
0.042486919107352895
0.043446343761837855
0.046004809535426024
0.04792365889260963
0.04984250827291319
0.039928453390373674
0.04792365889260963
0.06199522155077746
0.06103579678470705
0.04280672732487125
0.044085960201377186
0.03257286468374338
0.04024826160274303
0.05655848128583157
0.0418473026742464
0.05368020710282097
0.04280672732487125
0.034811522080085824
0.03800960412968261
0.04088787802941326
0.04728404243764548
0.0578377142727111
0.049522700041257674
0.03353228927830416
0.03449171387867269
0.04568500131147757
0.04888308357987234
0.04632461776001711
0.02745593361091544
0.042167110890477914
0.052081165912468655
0.044085960201377186
0.05112174120595268
0.04632461776001711
0.03896902875712951
0.044085960201377186
0.054000015342814664
0.0418473026742464
0.028095549985972176
0.026176700868561817
0.03321248107947184
0.05112174120595268
0.03417190567790465
0.03385209747778179
0.034811522080085824
0.053040590624756606
0.03960864517864826
0.04472557664348869
0.04696423421112691
0.03705017950803482
0.05016231650521052
0.0418473026742464
0.04632461776001711
0.04792365889260963
0.03353228927830416
0.04760385066480641
0.04632461776001711
0.035770946688195145
0.054959440066641004
0.05368020710282097
0.03896902875712951
0.05016231650521052
0.05048212473814959
0.0418473026742464
0.04856327535014267
0.042486919107352895
0.05176135767632191
0.05048212473814959
0.04792365889260963
0.04760385066480641
0.04696423421112691
0.05112174120595268
0.039928453390373674
0.03353228927830416
0.04056806981575624
0.034811522080085824
0.02457765995517516
0.03385209747778179
0.03417190567790465
0.03545113848484713
0.03768979592182224
0.03449171387867269
0.05080193297173033
0.03832941233818732
0.043446343761837855
0.043766151981285965
0.03705017950803482
0.054000015342814664
0.04888308357987234
0.04472557664348869
0.0418473026742464
0.04792365889260963
0.05144154944081656
0.04824346712105507
0.06103579678470705
0.05176135767632191
0.05016231650521052
0.039928453390373674
0.030014399126655496
0.028095549985972176
0.04440576842211145
0.03193324829059697
0.04536519308817182
0.025856892684590446
0.028415358174470287
0.03768979592182224
0.03768979592182224
0.0418473026742464
0.04760385066480641
0.03385209747778179
0.04472557664348869
0.05016231650521052
0.03864922054733631
0.027136125424356953
0.03289267288128489
0.0578377142727111
0.04760385066480641
0.03896902875712951
0.05879713901959199
0.04472557664348869
0.04280672732487125
0.044085960201377186
0.039928453390373674
0.0418473026742464
0.04760385066480641
0.05016231650521052
0.039928453390373674
0.034811522080085824
0.04440576842211145
0.029374782743842753
0.03321248107947184
0.04696423421112691
0.0415274944586584
0.05112174120595268
0.04696423421112691
0.046004809535426024
0.04824346712105507
0.039288836967566854
0.03545113848484713
0.04632461776001711
0.0418473026742464
0.04088787802941326
0.04632461776001711
0.04728404243764548
0.054639631824724755
0.03800960412968261
0.05016231650521052
0.04888308357987234
0.04088787802941326
0.031293631900033154
0.03193324829059697
0.04984250827291319
0.04088787802941326
0.04024826160274303
0.037369987714606284
0.03321248107947184
0.035770946688195145
0.03832941233818732
0.03417190567790465
0.03257286468374338
0.026176700868561817
0.042486919107352895
0.05751790602503091
0.04312653554303293
0.03353228927830416
0.04696423421112691
0.04888308357987234
0.04280672732487125
0.03545113848484713
0.037369987714606284
0.046004809535426024
0.04760385066480641
0.04568500131147757
0.04696423421112691
0.0316134400949922
0.03960864517864826
0.054959440066641004
0.03800960412968261
0.04088787802941326
0.04568500131147757
0.05080193297173033
0.05687828953159107
0.035770946688195145
0.04504538486550883
0.0578377142727111
0.04984250827291319
0.03513133028214399
0.04472557664348869
0.05176135767632191
0.036090754892188
0.04696423421112691
0.030654015512052477
0.044085960201377186
0.04440576842211145
0.03800960412968261
0.03449171387867269
0.043446343761837855
0.04280672732487125
0.05336039886346826
0.04696423421112691
0.04088787802941326
0.03705017950803482
0.04280672732487125
0.04056806981575624
0.036090754892188
0.036730371302107906
0.034811522080085824
0.04792365889260963
0.03960864517864826
0.042167110890477914
0.055599056552395575
0.05176135767632191
0.04984250827291319
0.0415274944586584
0.036090754892188
0.028095549985972176
0.03960864517864826
0.04984250827291319
0.053040590624756606
0.052400974149256735
0.03960864517864826
0.04920289181024404
0.04760385066480641
0.043446343761837855
0.04312653554303293
0.042167110890477914
0.039288836967566854
0.043766151981285965
0.043446343761837855
0.03896902875712951
0.03864922054733631
0.05112174120595268
0.042486919107352895
0.04856327535014267
0.03960864517864826
0.03832941233818732
0.059116947269832174
0.043446343761837855
0.041207686243713994
0.04440576842211145
0.03896902875712951
0.04056806981575624
0.03545113848484713
0.04984250827291319
0.04056806981575624
0.049522700041257674
0.05144154944081656
0.04312653554303293
0.04472557664348869
0.04856327535014267
0.05591886479623375
0.04728404243764548
0.05080193297173033
0.05080193297173033
0.03768979592182224
0.046004809535426024
0.03705017950803482
0.0418473026742464
0.04760385066480641
0.05655848128583157
0.03097382370571989
0.03289267288128489
0.03705017950803482
0.03513133028214399
0.035770946688195145
0.043446343761837855
0.04056806981575624
0.043446343761837855
0.03832941233818732
0.059116947269832174
0.04056806981575624
0.06007637202439133
0.05080193297173033
0.04728404243764548
0.03768979592182224
0.041207686243713994
0.04088787802941326
0.03641056309682561
0.043446343761837855
0.039288836967566854
0.05144154944081656
0.043766151981285965
0.03545113848484713
0.053040590624756606
0.05016231650521052
0.03864922054733631
0.035770946688195145
0.030334207319030995
0.04312653554303293
0.04696423421112691
0.04888308357987234
0.04984250827291319
0.04056806981575624
0.04568500131147757
0.059436755520712155
0.044085960201377186
0.0418473026742464
0.05272078238668607
0.04760385066480641
0.06007637202439133
0.04696423421112691
0.04632461776001711
0.04728404243764548
0.041207686243713994
0.043446343761837855
0.042486919107352895
0.03417190567790465
0.04088787802941326
0.04568500131147757
0.052081165912468655
0.042486919107352895
0.041207686243713994
0.030654015512052477
0.0415274944586584
0.05144154944081656
0.043446343761837855
0.04440576842211145
0.0415274944586584
0.02969459093492606
0.03449171387867269
0.04536519308817182
0.04536519308817182
0.043446343761837855
0.05048212473814959
0.04856327535014267
0.03449171387867269
0.037369987714606284
0.04856327535014267
0.03545113848484713
0.03545113848484713
0.03097382370571989
0.04696423421112691
0.04280672732487125
0.054639631824724755
0.04824346712105507
0.03417190567790465
0.04728404243764548
0.039288836967566854
0.04472557664348869
0.04728404243764548
0.04632461776001711
0.04056806981575624
0.04088787802941326
0.036090754892188
0.04824346712105507
0.03864922054733631
0.04568500131147757
0.06423387936064405
0.04536519308817182
0.04088787802941326
0.05272078238668607
0.04888308357987234
0.04024826160274303
0.04824346712105507
0.04472557664348869
0.04760385066480641
0.02969459093492606
0.02457765995517516
0.05176135767632191
0.04792365889260963
0.042486919107352895
0.049522700041257674
0.03641056309682561
0.04056806981575624
0.042167110890477914
0.029374782743842753
0.041207686243713994
0.054319823583449285
0.03641056309682561
0.04888308357987234
0.04792365889260963
0.03321248107947184
0.04696423421112691
0.04504538486550883
0.04568500131147757
0.04792365889260963
0.029374782743842753
0.054639631824724755
0.05655848128583157
0.043766151981285965
0.0418473026742464
0.03385209747778179
0.03960864517864826
0.05751790602503091
0.03513133028214399
0.03641056309682561
0.046004809535426024
0.04984250827291319
0.0415274944586584
0.04440576842211145
0.05016231650521052
0.04696423421112691
0.039928453390373674
0.04472557664348869
0.04824346712105507
0.04440576842211145
0.04312653554303293
0.05016231650521052
0.03768979592182224
0.03705017950803482
0.04920289181024404
0.046004809535426024
0.043446343761837855
0.04824346712105507
0.04280672732487125
0.039928453390373674
0.036090754892188
0.0418473026742464
0.05080193297173033
0.05144154944081656
0.04888308357987234
0.05879713901959199
0.03960864517864826
0.04568500131147757
0.039288836967566854
0.04536519308817182
0.04536519308817182
0.04728404243764548
0.044085960201377186
0.039288836967566854
0.04536519308817182
0.036730371302107906
0.043766151981285965
0.041207686243713994
0.04632461776001711
0.043446343761837855
0.03321248107947184
0.03097382370571989
0.03545113848484713
0.037369987714606284
0.04568500131147757
0.04056806981575624
0.03832941233818732
0.05847733076999172
0.04888308357987234
0.05272078238668607
0.03705017950803482
0.04696423421112691
0.054319823583449285
0.05176135767632191
0.042167110890477914
0.03449171387867269
0.034811522080085824
0.035770946688195145
0.04696423421112691
0.04504538486550883
0.044085960201377186
0.0418473026742464
0.03705017950803482
0.04280672732487125
0.04728404243764548
0.030334207319030995
0.03768979592182224
0.02457765995517516
0.04472557664348869
0.030654015512052477
0.03768979592182224
0.030014399126655496
0.05368020710282097
0.03449171387867269
0.04856327535014267
0.037369987714606284
0.049522700041257674
0.04888308357987234
0.04280672732487125
0.04312653554303293
0.03768979592182224
0.052400974149256735
0.036730371302107906
0.04792365889260963
0.04088787802941326
0.05527924830919796
0.04728404243764548
0.046004809535426024
0.03832941233818732
0.04696423421112691
0.0415274944586584
0.027775741798120538
0.0316134400949922
0.04760385066480641
0.042167110890477914
0.036730371302107906
0.046004809535426024
0.034811522080085824
0.03896902875712951
0.04632461776001711
0.054959440066641004
0.042167110890477914
0.03449171387867269
0.04088787802941326
0.04536519308817182
0.05751790602503091
0.028095549985972176
0.0316134400949922
0.046004809535426024
0.04792365889260963
0.03800960412968261
0.05112174120595268
0.04632461776001711
0.025537084501266027
0.05016231650521052
0.05719809777799087
0.04760385066480641
0.04984250827291319
0.049522700041257674
0.05336039886346826
0.028095549985972176
0.039288836967566854
0.03705017950803482
0.036090754892188
0.049522700041257674
0.03896902875712951
0.04856327535014267
0.04728404243764548
0.04056806981575624
0.042486919107352895
0.06103579678470705
0.04472557664348869
0.03545113848484713
0.03289267288128489
0.05016231650521052
0.05623867304071244
0.04760385066480641
0.042167110890477914
0.03896902875712951
0.04280672732487125
0.044085960201377186
0.052081165912468655
0.03417190567790465
0.028095549985972176
0.043446343761837855
0.03449171387867269
0.043446343761837855
0.04472557664348869
0.0418473026742464
0.032253056486847384
0.043446343761837855
0.03960864517864826
0.028095549985972176
0.04856327535014267
0.04888308357987234
0.037369987714606284
0.04024826160274303
0.04856327535014267
0.054319823583449285
0.041207686243713994
0.035770946688195145
0.04888308357987234
0.0415274944586584
0.04536519308817182
0.03353228927830416
0.05048212473814959
0.0418473026742464
0.04056806981575624
0.03832941233818732
0.05591886479623375
0.054000015342814664
0.05591886479623375
0.049522700041257674
0.046004809535426024
0.04056806981575624
0.03832941233818732
0.039928453390373674
0.03896902875712951
0.03641056309682561
0.0415274944586584
0.03353228927830416
0.043766151981285965
0.041207686243713994
0.05080193297173033
0.035770946688195145
0.042167110890477914
0.049522700041257674
0.04056806981575624
0.03449171387867269
0.04504538486550883
0.037369987714606284
0.054000015342814664
0.0418473026742464
0.04440576842211145
0.039928453390373674
0.041207686243713994
0.05112174120595268
0.042167110890477914
0.03768979592182224
0.04280672732487125
0.04024826160274303
0.04856327535014267
0.042167110890477914
0.054000015342814664
0.030654015512052477
0.049522700041257674
0.03545113848484713
0.04728404243764548
0.036090754892188
0.03097382370571989
0.05016231650521052
0.05144154944081656
0.03705017950803482
0.036090754892188
0.034811522080085824
0.04760385066480641
0.0418473026742464
0.039928453390373674
0.049522700041257674
0.03321248107947184
0.05847733076999172
0.04728404243764548
0.039288836967566854
0.04696423421112691
0.0578377142727111
0.042486919107352895
0.03289267288128489
0.039288836967566854
0.046004809535426024
0.04312653554303293
0.05016231650521052
0.04632461776001711
0.05080193297173033
0.03449171387867269
0.03353228927830416
0.036730371302107906
0.043446343761837855
0.0415274944586584
0.04728404243764548
0.04760385066480641
0.043766151981285965
0.03353228927830416
0.03705017950803482
0.042486919107352895
0.04824346712105507
0.05368020710282097
0.042167110890477914
0.04504538486550883
0.04312653554303293
0.05112174120595268
0.05591886479623375
0.04728404243764548
0.05847733076999172
0.039288836967566854
0.04056806981575624
0.05080193297173033
0.03513133028214399
0.036090754892188
0.05272078238668607
0.039928453390373674
0.04888308357987234
0.05879713901959199
0.046644425985250766
0.03097382370571989
0.04760385066480641
0.059116947269832174
0.041207686243713994
0.046644425985250766
0.054959440066641004
0.04312653554303293
0.05336039886346826
0.03417190567790465
0.044085960201377186
0.041207686243713994
0.05016231650521052
0.03768979592182224
0.052081165912468655
0.05112174120595268
0.044085960201377186
0.03705017950803482
0.04536519308817182
0.04856327535014267
0.042167110890477914
0.04760385066480641
0.04056806981575624
0.04760385066480641
0.04728404243764548
0.05176135767632191
0.0581575225210314
0.04632461776001711
0.054000015342814664
0.06391407110017495
0.04696423421112691
0.03705017950803482
0.05080193297173033
0.04696423421112691
0.037369987714606284
0.05080193297173033
0.042486919107352895
0.03768979592182224
0.03864922054733631
0.039928453390373674
0.054639631824724755
0.0415274944586584
0.046644425985250766
0.03705017950803482
0.04888308357987234
0.052081165912468655
0.05655848128583157
0.046644425985250766
0.03768979592182224
0.04760385066480641
0.04312653554303293
0.05144154944081656
0.055599056552395575
0.041207686243713994
0.05272078238668607
0.03832941233818732
0.03896902875712951
0.0418473026742464
0.0418473026742464
0.04728404243764548
0.03417190567790465
0.052081165912468655
0.05751790602503091
0.04536519308817182
0.04312653554303293
0.046644425985250766
0.043446343761837855
0.036730371302107906
0.046644425985250766
0.042167110890477914
0.04984250827291319
0.05368020710282097
0.04472557664348869
0.03417190567790465
0.036090754892188
0.04824346712105507
0.049522700041257674
0.04760385066480641
0.042486919107352895
0.042167110890477914
0.03193324829059697
0.05144154944081656
0.03896902875712951
0.05144154944081656
0.04536519308817182
0.042486919107352895
0.042486919107352895
0.046644425985250766
0.05847733076999172
0.043446343761837855
0.04056806981575624
0.042167110890477914
0.03896902875712951
0.03513133028214399
0.04984250827291319
0.052081165912468655
0.0578377142727111
0.052400974149256735
0.04568500131147757
0.043446343761837855
0.03960864517864826
0.054959440066641004
0.042486919107352895
0.036730371302107906
0.04440576842211145
0.046644425985250766
0.04088787802941326
0.04440576842211145
0.043446343761837855
0.04440576842211145
0.054639631824724755
0.0415274944586584
0.052081165912468655
0.046004809535426024
0.042486919107352895
0.04440576842211145
0.04984250827291319
0.04632461776001711
0.043766151981285965
0.04312653554303293
0.0418473026742464
0.05176135767632191
0.05655848128583157
0.04088787802941326
0.044085960201377186
0.03705017950803482
0.039928453390373674
0.04696423421112691
0.03896902875712951
0.043766151981285965
0.04792365889260963
0.054319823583449285
0.025217276318588628
0.04984250827291319
0.04760385066480641
0.05623867304071244
0.036730371302107906
0.053040590624756606
0.04824346712105507
0.04568500131147757
0.03513133028214399
0.0415274944586584
0.05272078238668607
0.037369987714606284
0.04088787802941326
0.05048212473814959
0.04312653554303293
0.03864922054733631
0.042167110890477914
0.04920289181024404
0.04088787802941326
0.054000015342814664
0.039928453390373674
0.04088787802941326
0.046644425985250766
0.0415274944586584
0.04888308357987234
0.05272078238668607
0.03449171387867269
0.039928453390373674
0.046644425985250766
0.04824346712105507
0.04472557664348869
0.04856327535014267
0.04696423421112691
0.04728404243764548
0.04024826160274303
0.042167110890477914
0.03449171387867269
0.03289267288128489
0.046004809535426024
0.04504538486550883
0.04472557664348869
0.03705017950803482
0.039928453390373674
0.046644425985250766
0.03960864517864826
0.04472557664348869
0.04024826160274303
0.02905497455340564
0.05336039886346826
0.04440576842211145
0.04024826160274303
0.04024826160274303
0.04888308357987234
0.05623867304071244
0.03193324829059697
0.04312653554303293
0.04984250827291319
0.039288836967566854
0.049522700041257674
0.0581575225210314
0.05368020710282097
0.04760385066480641
0.04056806981575624
0.061675413294781364
0.04504538486550883
0.05368020710282097
0.031293631900033154
0.0418473026742464
0.05112174120595268
0.0415274944586584
0.054319823583449285
0.042167110890477914
0.03353228927830416
0.039288836967566854
0.042486919107352895
0.03513133028214399
0.04632461776001711
0.04472557664348869
0.03768979592182224
0.05112174120595268
0.04504538486550883
0.052400974149256735
0.049522700041257674
0.04696423421112691
0.03896902875712951
0.04728404243764548
0.04728404243764548
0.06263483806468721
0.05975656377223191
0.04472557664348869
0.04536519308817182
0.03896902875712951
0.043766151981285965
0.04920289181024404
0.03832941233818732
0.04888308357987234
0.04792365889260963
0.04312653554303293
0.04632461776001711
0.04088787802941326
0.04472557664348869
0.05655848128583157
0.039928453390373674
0.03768979592182224
0.0287351663636148
0.05016231650521052
0.05751790602503091
0.04088787802941326
0.05336039886346826
0.04056806981575624
0.04856327535014267
0.054319823583449285
0.03832941233818732
0.04536519308817182
0.039288836967566854
0.04440576842211145
0.043446343761837855
0.0316134400949922
0.06007637202439133
0.036730371302107906
0.039288836967566854
0.04728404243764548
0.03545113848484713
0.05368020710282097
0.04920289181024404
0.04440576842211145
0.03513133028214399
0.05080193297173033
0.06295464632260071
0.0287351663636148
0.04280672732487125
0.043766151981285965
0.0418473026742464
0.03257286468374338
0.036730371302107906
0.04984250827291319
0.044085960201377186
0.034811522080085824
0.04056806981575624
0.03768979592182224
0.04696423421112691
0.04536519308817182
0.04888308357987234
0.030654015512052477
0.04696423421112691
0.03513133028214399
0.026176700868561817
0.03513133028214399
0.04056806981575624
0.042486919107352895
0.05112174120595268
0.052081165912468655
0.03641056309682561
0.03896902875712951
0.04312653554303293
0.04760385066480641
0.046644425985250766
0.04440576842211145
0.0418473026742464
0.04984250827291319
0.037369987714606284
0.043766151981285965
0.03545113848484713
0.03864922054733631
0.04984250827291319
0.04536519308817182
0.03768979592182224
0.03449171387867269
0.05336039886346826
0.037369987714606284
0.04632461776001711
0.05272078238668607
0.04728404243764548
0.042167110890477914
0.046644425985250766
0.03832941233818732
0.04760385066480641
0.04760385066480641
0.04056806981575624
0.04536519308817182
0.049522700041257674
0.04696423421112691
0.049522700041257674
0.03417190567790465
0.04632461776001711
0.052400974149256735
0.05623867304071244
0.04728404243764548
0.04568500131147757
0.036730371302107906
0.052081165912468655
0.03513133028214399
0.036090754892188
0.04824346712105507
0.05847733076999172
0.04760385066480641
0.04536519308817182
0.0316134400949922
0.036730371302107906
0.04632461776001711
0.03545113848484713
0.04504538486550883
0.04792365889260963
0.0418473026742464
0.03417190567790465
0.04056806981575624
0.04088787802941326
0.03545113848484713
0.03193324829059697
0.035770946688195145
0.042486919107352895
0.03641056309682561
0.04792365889260963
0.041207686243713994
0.039928453390373674
0.05112174120595268
0.04056806981575624
0.042486919107352895
0.04696423421112691
0.036090754892188
0.036090754892188
0.0418473026742464
0.042486919107352895
0.04056806981575624
0.03449171387867269
0.04312653554303293
0.04856327535014267
0.04792365889260963
0.04568500131147757
0.05048212473814959
0.0418473026742464
0.042486919107352895
0.04536519308817182
0.03800960412968261
0.054319823583449285
0.03257286468374338
0.04728404243764548
0.042167110890477914
0.05272078238668607
0.04728404243764548
0.039928453390373674
0.043766151981285965
0.04504538486550883
0.027775741798120538
0.04792365889260963
0.03641056309682561
0.04440576842211145
0.032253056486847384
0.04472557664348869
0.027775741798120538
0.04472557664348869
0.036730371302107906
0.05591886479623375
0.04696423421112691
0.03449171387867269
0.03705017950803482
0.05112174120595268
0.04888308357987234
0.044085960201377186
0.036090754892188
0.04920289181024404
0.041207686243713994
0.06039618027719038
0.05272078238668607
0.042167110890477914
0.03641056309682561
0.04504538486550883
0.042486919107352895
0.03513133028214399
0.025217276318588628
0.04024826160274303
0.043766151981285965
0.032253056486847384
0.04280672732487125
0.03832941233818732
0.044085960201377186
0.05751790602503091
0.043446343761837855
0.04920289181024404
0.03545113848484713
0.043766151981285965
0.036730371302107906
0.027775741798120538
0.046004809535426024
0.04888308357987234
0.05048212473814959
0.041207686243713994
0.043766151981285965
0.04696423421112691
0.04280672732487125
0.0415274944586584
0.039928453390373674
0.04760385066480641
0.037369987714606284
0.04792365889260963
0.043766151981285965
0.042167110890477914
0.04312653554303293
0.03864922054733631
0.0415274944586584
0.04824346712105507
0.03641056309682561
0.03864922054733631
0.0418473026742464
0.046004809535426024
0.046644425985250766
0.03193324829059697
0.04568500131147757
0.05112174120595268
0.04024826160274303
0.0418473026742464
0.04792365889260963
0.03768979592182224
0.04920289181024404
0.04312653554303293
0.04312653554303293
0.04824346712105507
0.04536519308817182
0.04888308357987234
0.03321248107947184
0.0415274944586584
0.05144154944081656
0.04536519308817182
0.046004809535426024
0.04312653554303293
0.04984250827291319
0.04504538486550883
0.03864922054733631
0.03705017950803482
0.042167110890477914
0.046004809535426024
0.03800960412968261
0.04824346712105507
0.04760385066480641
0.04024826160274303
0.03832941233818732
0.04632461776001711
0.05527924830919796
0.054000015342814664
0.04280672732487125
0.0581575225210314
0.055599056552395575
0.03960864517864826
0.044085960201377186
0.04440576842211145
0.03960864517864826
0.04888308357987234
0.04824346712105507
0.05176135767632191
0.04888308357987234
0.05112174120595268
0.04568500131147757
0.03800960412968261
0.035770946688195145
0.06071598853062898
0.036090754892188
0.028095549985972176
0.04888308357987234
0.03705017950803482
0.04472557664348869
0.05527924830919796
0.04696423421112691
0.03417190567790465
0.03545113848484713
0.04632461776001711
0.054000015342814664
0.03417190567790465
0.037369987714606284
0.04696423421112691
0.04728404243764548
0.03705017950803482
0.03896902875712951
0.04856327535014267
0.06103579678470705
0.04760385066480641
0.03545113848484713
0.05336039886346826
0.04088787802941326
0.02681631723844514
0.028095549985972176
0.04696423421112691
0.03449171387867269
0.041207686243713994
0.053040590624756606
0.035770946688195145
0.04760385066480641
0.04888308357987234
0.03832941233818732
0.04568500131147757
0.04504538486550883
0.03641056309682561
0.04856327535014267
0.04280672732487125
0.043446343761837855
0.04568500131147757
0.04920289181024404
0.03193324829059697
0.03641056309682561
0.05048212473814959
0.042167110890477914
0.046644425985250766
0.043766151981285965
0.04824346712105507
0.036090754892188
0.04472557664348869
0.05655848128583157
0.05591886479623375
0.04856327535014267
0.03321248107947184
0.04568500131147757
0.03800960412968261
0.042486919107352895
0.04824346712105507
0.04088787802941326
0.04504538486550883
0.04792365889260963
0.03513133028214399
0.04536519308817182
0.03864922054733631
0.05144154944081656
0.042167110890477914
0.03097382370571989
0.036730371302107906
0.05080193297173033
0.043766151981285965
0.03353228927830416
0.039288836967566854
0.03705017950803482
0.04504538486550883
0.039288836967566854
0.03513133028214399
0.03896902875712951
0.04824346712105507
0.04024826160274303
0.027775741798120538
0.0418473026742464
0.043766151981285965
0.03449171387867269
0.04632461776001711
0.04696423421112691
0.04088787802941326
0.03960864517864826
0.03832941233818732
0.036090754892188
0.032253056486847384
0.04632461776001711
0.05272078238668607
0.03896902875712951
0.03896902875712951
0.04888308357987234
0.034811522080085824
0.03321248107947184
0.043766151981285965
0.05112174120595268
0.03193324829059697
0.06199522155077746
0.05048212473814959
0.04504538486550883
0.03097382370571989
0.03864922054733631
0.05847733076999172
0.041207686243713994
0.041207686243713994
0.04824346712105507
0.03641056309682561
0.03353228927830416
0.0415274944586584
0.04824346712105507
0.03800960412968261
0.054639631824724755
0.05272078238668607
0.052081165912468655
0.04920289181024404
0.03289267288128489
0.035770946688195145
0.042486919107352895
0.04728404243764548
0.05368020710282097
0.043446343761837855
0.04024826160274303
0.0415274944586584
0.04024826160274303
0.04824346712105507
0.0418473026742464
0.03960864517864826
0.03705017950803482
0.04280672732487125
0.05112174120595268
0.042486919107352895
0.03705017950803482
0.0418473026742464
0.0418473026742464
0.0287351663636148
0.043446343761837855
0.044085960201377186
0.04760385066480641
0.046004809535426024
0.04856327535014267
0.04504538486550883
0.031293631900033154
0.046004809535426024
0.04632461776001711
0.05336039886346826
0.032253056486847384
0.037369987714606284
0.04632461776001711
0.04280672732487125
0.03960864517864826
0.05272078238668607
0.04472557664348869
0.039928453390373674
0.03960864517864826
0.04440576842211145
0.03800960412968261
0.042486919107352895
0.03864922054733631
0.052400974149256735
0.04728404243764548
0.044085960201377186
0.034811522080085824
0.0316134400949922
0.046004809535426024
0.03097382370571989
0.04888308357987234
0.05144154944081656
0.03896902875712951
0.0316134400949922
0.05016231650521052
0.04824346712105507
0.03960864517864826
0.054319823583449285
0.044085960201377186
0.02201919452741577
0.04472557664348869
0.04824346712105507
0.0415274944586584
0.03864922054733631
0.034811522080085824
0.05879713901959199
0.03705017950803482
0.05368020710282097
0.03960864517864826
0.05368020710282097
0.03353228927830416
0.043446343761837855
0.036730371302107906
0.04728404243764548
0.05336039886346826
0.05272078238668607
0.04888308357987234
0.041207686243713994
0.042167110890477914
0.054000015342814664
0.042486919107352895
0.03257286468374338
0.04728404243764548
0.06231502980741277
0.03353228927830416
0.04536519308817182
0.04824346712105507
0.044085960201377186
0.0418473026742464
0.03896902875712951
0.04312653554303293
0.03193324829059697
0.054639631824724755
0.04088787802941326
0.04696423421112691
0.053040590624756606
0.04056806981575624
0.04472557664348869
0.04088787802941326
0.0415274944586584
0.042167110890477914
0.043766151981285965
0.037369987714606284
0.03864922054733631
0.04024826160274303
0.04056806981575624
0.03768979592182224
0.03864922054733631
0.046004809535426024
0.04728404243764548
0.03768979592182224
0.052400974149256735
0.04312653554303293
0.025217276318588628
0.04440576842211145
0.025856892684590446
0.025537084501266027
0.04504538486550883
0.043446343761837855
0.04696423421112691
0.05144154944081656
0.02969459093492606
0.03768979592182224
0.039928453390373674
0.042167110890477914
0.046004809535426024
0.044085960201377186
0.03832941233818732
0.025537084501266027
0.03768979592182224
0.04504538486550883
0.028095549985972176
0.05591886479623375
0.05112174120595268
0.04568500131147757
0.03960864517864826
0.035770946688195145
0.06423387936064405
0.03193324829059697
0.05975656377223191