0.049522700041257674
0.043446343761837855
0.07382812747141593
0.027775741798120538
0.05527924830919796
0.05591886479623375
0.0578377142727111
0.04856327535014267
0.052081165912468655
0.05048212473814959
0.0671121537336003
0.04760385066480641
0.04536519308817182
0.0415274944586584
0.07510736059618603
0.061675413294781364
0.03832941233818732
0.04984250827291319
0.06327445458115322
0.054000015342814664
0.04632461776001711
0.054000015342814664
0.05112174120595268
0.04792365889260963
0.06071598853062898
0.046004809535426024
0.05176135767632191
0.05272078238668607
0.04792365889260963
0.042486919107352895
0.05623867304071244
0.0415274944586584
0.03545113848484713
0.05336039886346826
0.0418473026742464
0.049522700041257674
0.039288836967566854
0.05144154944081656
0.04440576842211145
0.04696423421112691
0.06007637202439133
0.044085960201377186
0.05080193297173033
0.055599056552395575
0.03705017950803482
0.03960864517864826
0.05591886479623375
0.05975656377223191
0.03705017950803482
0.04312653554303293
0.05687828953159107
0.06551311240890699
0.06295464632260071
0.05527924830919796
0.05879713901959199
0.04504538486550883
0.06967061988628766
0.03800960412968261
0.04536519308817182
0.04728404243764548
0.053040590624756606
0.04312653554303293
0.04472557664348869
0.06647253720180818
0.04504538486550883
0.05016231650521052
0.06199522155077746
0.04888308357987234
0.05623867304071244
0.05176135767632191
0.04472557664348869
0.04056806981575624
0.05847733076999172
0.061675413294781364
0.03768979592182224
0.05591886479623375
0.04536519308817182
0.03832941233818732
0.042486919107352895
0.04088787802941326
0.05080193297173033
0.04824346712105507
0.04024826160274303
0.03896902875712951
0.054639631824724755
0.039288836967566854
0.059116947269832174
0.04728404243764548
0.054000015342814664
0.05368020710282097
0.04792365889260963
0.05080193297173033
0.054000015342814664
0.0578377142727111
0.052081165912468655
0.05591886479623375
0.04696423421112691
0.05975656377223191
0.0316134400949922
0.04280672732487125
0.05751790602503091
0.03896902875712951
0.03257286468374338
0.05591886479623375
0.0418473026742464
0.05591886479623375
0.04824346712105507
0.04920289181024404
0.052400974149256735
0.05272078238668607
0.05879713901959199
0.05975656377223191
0.04728404243764548
0.054959440066641004
0.07478755231403875
0.0725488943568325
0.04696423421112691
0.04792365889260963
0.03449171387867269
0.04792365889260963
0.06583292067256903
0.049522700041257674
0.06679234546738516
0.04824346712105507
0.039928453390373674
0.04504538486550883
0.04728404243764548
0.05336039886346826
0.06743196200045357
0.0581575225210314
0.037369987714606284
0.03896902875712951
0.053040590624756606
0.059116947269832174
0.054639631824724755
0.030334207319030995
0.046004809535426024
0.06135560503942454
0.04888308357987234
0.06103579678470705
0.05272078238668607
0.043446343761837855
0.05016231650521052
0.06487349588349835
0.04856327535014267
0.030334207319030995
0.030334207319030995
0.04056806981575624
0.06295464632260071
0.039928453390373674
0.041207686243713994
0.041207686243713994
0.06743196200045357
0.04824346712105507
0.05176135767632191
0.0581575225210314
0.04536519308817182
0.06071598853062898
0.05176135767632191
0.054000015342814664
0.059436755520712155
0.03896902875712951
0.05719809777799087
0.05623867304071244
0.042486919107352895
0.06391407110017495
0.06135560503942454
0.04728404243764548
0.06231502980741277
0.05751790602503091
0.05144154944081656
0.059116947269832174
0.05144154944081656
0.06135560503942454
0.05879713901959199
0.0578377142727111
0.05719809777799087
0.05719809777799087
0.06231502980741277
0.04920289181024404
0.03800960412968261
0.04728404243764548
0.03832941233818732
0.025856892684590446
0.03800960412968261
0.042167110890477914
0.039928453390373674
0.04280672732487125
0.039288836967566854
0.06039618027719038
0.04536519308817182
0.05080193297173033
0.05368020710282097
0.042486919107352895
0.061675413294781364
0.0578377142727111
0.053040590624756606
0.04824346712105507
0.05623867304071244
0.05975656377223191
0.05655848128583157
0.07414793575165361
0.061675413294781364
0.06231502980741277
0.046644425985250766
0.035770946688195145
0.03289267288128489
0.05272078238668607
0.03513133028214399
0.05368020710282097
0.027775741798120538
0.032253056486847384
0.04536519308817182
0.04280672732487125
0.04792365889260963
0.055599056552395575
0.03513133028214399
0.05368020710282097
0.06039618027719038
0.04536519308817182
0.028095549985972176
0.035770946688195145
0.06743196200045357
0.059436755520712155
0.04568500131147757
0.06967061988628766
0.05144154944081656
0.05527924830919796
0.05272078238668607
0.04792365889260963
0.04760385066480641
0.054639631824724755
0.06039618027719038
0.04440576842211145
0.039928453390373674
0.05336039886346826
0.03321248107947184
0.039288836967566854
0.05527924830919796
0.05080193297173033
0.06327445458115322
0.05591886479623375
0.052081165912468655
0.06039618027719038
0.04696423421112691
0.03896902875712951
0.05655848128583157
0.04760385066480641
0.04856327535014267
0.05751790602503091
0.054639631824724755
0.06839138680484132
0.04504538486550883
0.06039618027719038
0.05719809777799087
0.04440576842211145
0.03289267288128489
0.03417190567790465
0.059436755520712155
0.04856327535014267
0.05048212473814959
0.04472557664348869
0.039288836967566854
0.04056806981575624
0.046644425985250766
0.04056806981575624
0.03896902875712951
0.027775741798120538
0.05048212473814959
0.06871119507424632
0.04792365889260963
0.03768979592182224
0.059436755520712155
0.05847733076999172
0.05112174120595268
0.04024826160274303
0.04632461776001711
0.055599056552395575
0.05655848128583157
0.05527924830919796
0.05336039886346826
0.03800960412968261
0.04856327535014267
0.06743196200045357
0.04280672732487125
0.04984250827291319
0.05527924830919796
0.06039618027719038
0.07126966125244018
0.039928453390373674
0.05176135767632191
0.07126966125244018
0.05847733076999172
0.04056806981575624
0.04920289181024404
0.06391407110017495
0.043766151981285965
0.05847733076999172
0.034811522080085824
0.05144154944081656
0.05336039886346826
0.043446343761837855
0.0418473026742464
0.05048212473814959
0.052400974149256735
0.06423387936064405
0.055599056552395575
0.04856327535014267
0.04056806981575624
0.052081165912468655
0.04568500131147757
0.04312653554303293
0.04280672732487125
0.04088787802941326
0.0581575225210314
0.04632461776001711
0.05112174120595268
0.06871119507424632
0.061675413294781364
0.05975656377223191
0.04984250827291319
0.041207686243713994
0.029374782743842753
0.04728404243764548
0.06231502980741277
0.06423387936064405
0.06551311240890699
0.049522700041257674
0.06135560503942454
0.0578377142727111
0.054000015342814664
0.05080193297173033
0.049522700041257674
0.04632461776001711
0.05527924830919796
0.054639631824724755
0.04856327535014267
0.046004809535426024
0.06231502980741277
0.04856327535014267
0.05751790602503091
0.05016231650521052
0.046644425985250766
0.0735083191918149
0.052081165912468655
0.04760385066480641
0.053040590624756606
0.04696423421112691
0.04728404243764548
0.04024826160274303
0.059436755520712155
0.04728404243764548
0.06007637202439133
0.06327445458115322
0.053040590624756606
0.052081165912468655
0.06071598853062898
0.06487349588349835
0.05591886479623375
0.06007637202439133
0.06103579678470705
0.043446343761837855
0.05336039886346826
0.04504538486550883
0.04728404243764548
0.05879713901959199
0.07094985297793496
0.036090754892188
0.042167110890477914
0.04536519308817182
0.0415274944586584
0.0418473026742464
0.052081165912468655
0.04568500131147757
0.054319823583449285
0.04472557664348869
0.07222908607977883
0.04824346712105507
0.07222908607977883
0.06007637202439133
0.05591886479623375
0.04504538486550883
0.05144154944081656
0.05016231650521052
0.044085960201377186
0.05336039886346826
0.04568500131147757
0.06199522155077746
0.05144154944081656
0.039288836967566854
0.06583292067256903
0.061675413294781364
0.0418473026742464
0.03896902875712951
0.03417190567790465
0.05368020710282097
0.054000015342814664
0.06103579678470705
0.05879713901959199
0.04760385066480641
0.054000015342814664
0.07382812747141593
0.05080193297173033
0.049522700041257674
0.06103579678470705
0.05687828953159107
0.07478755231403875
0.05591886479623375
0.04984250827291319
0.05719809777799087
0.04824346712105507
0.05080193297173033
0.04920289181024404
0.042486919107352895
0.04760385066480641
0.05527924830919796
0.06071598853062898
0.04824346712105507
0.04792365889260963
0.03321248107947184
0.04888308357987234
0.06423387936064405
0.053040590624756606
0.052400974149256735
0.05176135767632191
0.03705017950803482
0.039928453390373674
0.05591886479623375
0.05112174120595268
0.05527924830919796
0.06359426284034467
0.05687828953159107
0.036730371302107906
0.04504538486550883
0.0578377142727111
0.042167110890477914
0.04312653554303293
0.03385209747778179
0.05591886479623375
0.049522700041257674
0.06743196200045357
0.05719809777799087
0.039288836967566854
0.05719809777799087
0.04760385066480641
0.05336039886346826
0.0578377142727111
0.05751790602503091
0.04440576842211145
0.052081165912468655
0.04312653554303293
0.059436755520712155
0.042486919107352895
0.053040590624756606
0.0776658268762688
0.054959440066641004
0.04888308357987234
0.07063004470406704
0.06071598853062898
0.05016231650521052
0.0581575225210314
0.054000015342814664
0.06231502980741277
0.03832941233818732
0.029374782743842753
0.06615272893686945
0.06039618027719038
0.05272078238668607
0.0581575225210314
0.044085960201377186
0.04920289181024404
0.05368020710282097
0.034811522080085824
0.05112174120595268
0.0671121537336003
0.043446343761837855
0.05655848128583157
0.0581575225210314
0.03800960412968261
0.0581575225210314
0.05336039886346826
0.05527924830919796
0.0578377142727111
0.036090754892188
0.06807157853607414
0.07031023643083646
0.05176135767632191
0.04856327535014267
0.039288836967566854
0.04888308357987234
0.06935081161496956
0.03960864517864826
0.03960864517864826
0.05368020710282097
0.06039618027719038
0.04856327535014267
0.05112174120595268
0.06199522155077746
0.055599056552395575
0.04760385066480641
0.05176135767632191
0.0578377142727111
0.05048212473814959
0.04856327535014267
0.05879713901959199
0.044085960201377186
0.042486919107352895
0.0578377142727111
0.05176135767632191
0.05080193297173033
0.06039618027719038
0.04824346712105507
0.042167110890477914
0.03960864517864826
0.04792365889260963
0.059116947269832174
0.059436755520712155
0.05847733076999172
0.07094985297793496
0.04568500131147757
0.05080193297173033
0.042486919107352895
0.05336039886346826
0.054959440066641004
0.05527924830919796
0.054000015342814664
0.04728404243764548
0.053040590624756606
0.04472557664348869
0.05112174120595268
0.04792365889260963
0.05368020710282097
0.04856327535014267
0.03800960412968261
0.03353228927830416
0.04056806981575624
0.042167110890477914
0.05368020710282097
0.04536519308817182
0.04536519308817182
0.07126966125244018
0.05975656377223191
0.06327445458115322
0.03768979592182224
0.054639631824724755
0.0671121537336003
0.06295464632260071
0.05112174120595268
0.04088787802941326
0.039288836967566854
0.04056806981575624
0.054959440066641004
0.054639631824724755
0.049522700041257674
0.04728404243764548
0.0418473026742464
0.052400974149256735
0.06071598853062898
0.036730371302107906
0.046644425985250766
0.028095549985972176
0.052081165912468655
0.03800960412968261
0.044085960201377186
0.03417190567790465
0.06615272893686945
0.036730371302107906
0.06103579678470705
0.04696423421112691
0.054639631824724755
0.0581575225210314
0.052400974149256735
0.054639631824724755
0.04440576842211145
0.06263483806468721
0.04536519308817182
0.05719809777799087
0.04760385066480641
0.06775177026794486
0.054959440066641004
0.05272078238668607
0.043766151981285965
0.05975656377223191
0.04888308357987234
0.0287351663636148
0.03864922054733631
0.05719809777799087
0.05112174120595268
0.04472557664348869
0.05591886479623375
0.043766151981285965
0.04824346712105507
0.05687828953159107
0.06807157853607414
0.04760385066480641
0.04024826160274303
0.04568500131147757
0.05527924830919796
0.07126966125244018
0.032253056486847384
0.036090754892188
0.05719809777799087
0.05591886479623375
0.043446343761837855
0.05879713901959199
0.05719809777799087
0.0287351663636148
0.06007637202439133
0.06999042815824331
0.05847733076999172
0.059116947269832174
0.06007637202439133
0.06679234546738516
0.030654015512052477
0.04536519308817182
0.04504538486550883
0.04056806981575624
0.05847733076999172
0.04312653554303293
0.05655848128583157
0.0578377142727111
0.04504538486550883
0.05016231650521052
0.07702621030243166
0.054639631824724755
0.042167110890477914
0.039928453390373674
0.06359426284034467
0.06615272893686945
0.05655848128583157
0.04792365889260963
0.04856327535014267
0.04792365889260963
0.052400974149256735
0.06103579678470705
0.03896902875712951
0.0316134400949922
0.05527924830919796
0.03896902875712951
0.04888308357987234
0.05272078238668607
0.05016231650521052
0.03800960412968261
0.054000015342814664
0.04472557664348869
0.028415358174470287
0.055599056552395575
0.0578377142727111
0.0418473026742464
0.04888308357987234
0.06039618027719038
0.06391407110017495
0.04536519308817182
0.0418473026742464
0.06103579678470705
0.04696423421112691
0.05272078238668607
0.03896902875712951
0.06007637202439133
0.04856327535014267
0.04632461776001711
0.04504538486550883
0.06871119507424632
0.06615272893686945
0.07063004470406704
0.0578377142727111
0.054319823583449285
0.04856327535014267
0.04312653554303293
0.043766151981285965
0.04536519308817182
0.039928453390373674
0.04984250827291319
0.03641056309682561
0.05336039886346826
0.04856327535014267
0.06039618027719038
0.042167110890477914
0.04792365889260963
0.05719809777799087
0.04568500131147757
0.03545113848484713
0.04824346712105507
0.039288836967566854
0.06519330414588341
0.05048212473814959
0.05112174120595268
0.04280672732487125
0.04728404243764548
0.059436755520712155
0.04856327535014267
0.04440576842211145
0.05144154944081656
0.046644425985250766
0.0581575225210314
0.04632461776001711
0.06391407110017495
0.034811522080085824
0.06039618027719038
0.0415274944586584
0.05751790602503091
0.04280672732487125
0.036730371302107906
0.059436755520712155
0.06103579678470705
0.0418473026742464
0.03864922054733631
0.03896902875712951
0.054639631824724755
0.04568500131147757
0.04568500131147757
0.05719809777799087
0.037369987714606284
0.06775177026794486
0.05336039886346826
0.04440576842211145
0.05272078238668607
0.06743196200045357
0.04856327535014267
0.036090754892188
0.04312653554303293
0.055599056552395575
0.05016231650521052
0.05975656377223191
0.05336039886346826
0.05719809777799087
0.04056806981575624
0.03705017950803482
0.04056806981575624
0.052400974149256735
0.04760385066480641
0.05336039886346826
0.054959440066641004
0.05336039886346826
0.03800960412968261
0.04536519308817182
0.05016231650521052
0.05623867304071244
0.06135560503942454
0.05048212473814959
0.052081165912468655
0.052400974149256735
0.06071598853062898
0.06871119507424632
0.05751790602503091
0.06871119507424632
0.046644425985250766
0.04536519308817182
0.05975656377223191
0.036730371302107906
0.03864922054733631
0.06327445458115322
0.04504538486550883
0.05975656377223191
0.07286870263452312
0.05336039886346826
0.03417190567790465
0.05527924830919796
0.0725488943568325
0.043766151981285965
0.05623867304071244
0.06551311240890699
0.046644425985250766
0.06231502980741277
0.03832941233818732
0.049522700041257674
0.04760385066480641
0.06007637202439133
0.042486919107352895
0.06071598853062898
0.05879713901959199
0.04856327535014267
0.04056806981575624
0.04824346712105507
0.05623867304071244
0.05144154944081656
0.05719809777799087
0.04632461776001711
0.05591886479623375
0.05591886479623375
0.05975656377223191
0.06743196200045357
0.054319823583449285
0.06199522155077746
0.07542716887896972
0.054000015342814664
0.04088787802941326
0.05975656377223191
0.05336039886346826
0.0418473026742464
0.05975656377223191
0.04888308357987234
0.0415274944586584
0.04504538486550883
0.04696423421112691
0.06359426284034467
0.04888308357987234
0.05272078238668607
0.03896902875712951
0.05655848128583157
0.06327445458115322
0.06775177026794486
0.055599056552395575
0.043766151981285965
0.054959440066641004
0.05016231650521052
0.06295464632260071
0.06935081161496956
0.05016231650521052
0.06295464632260071
0.044085960201377186
0.04536519308817182
0.04760385066480641
0.04696423421112691
0.05591886479623375
0.03896902875712951
0.06519330414588341
0.06999042815824331
0.054959440066641004
0.05016231650521052
0.05527924830919796
0.05048212473814959
0.0418473026742464
0.05879713901959199
0.049522700041257674
0.05847733076999172
0.06615272893686945
0.054000015342814664
0.04056806981575624
0.04088787802941326
0.05847733076999172
0.06135560503942454
0.054959440066641004
0.04792365889260963
0.04888308357987234
0.03417190567790465
0.06359426284034467
0.04472557664348869
0.06007637202439133
0.052081165912468655
0.05144154944081656
0.04888308357987234
0.05527924830919796
0.06999042815824331
0.04856327535014267
0.04568500131147757
0.05016231650521052
0.04504538486550883
0.04056806981575624
0.0578377142727111
0.06071598853062898
0.07094985297793496
0.06199522155077746
0.054000015342814664
0.049522700041257674
0.04632461776001711
0.06519330414588341
0.05176135767632191
0.039928453390373674
0.049522700041257674
0.05751790602503091
0.04728404243764548
0.05016231650521052
0.05112174120595268
0.05176135767632191
0.06423387936064405
0.046644425985250766
0.06039618027719038
0.052081165912468655
0.05144154944081656
0.05176135767632191
0.05719809777799087
0.05176135767632191
0.04856327535014267
0.04632461776001711
0.043766151981285965
0.06263483806468721
0.06775177026794486
0.04728404243764548
0.05144154944081656
0.04056806981575624
0.04632461776001711
0.05527924830919796
0.04504538486550883
0.054319823583449285
0.05655848128583157
0.06391407110017495
0.025856892684590446
0.05975656377223191
0.055599056552395575
0.06839138680484132
0.04312653554303293
0.06231502980741277
0.05687828953159107
0.054959440066641004
0.03896902875712951
0.05080193297173033
0.06231502980741277
0.042167110890477914
0.046004809535426024
0.061675413294781364
0.04824346712105507
0.04568500131147757
0.04824346712105507
0.05847733076999172
0.04696423421112691
0.06487349588349835
0.04280672732487125
0.04632461776001711
0.05048212473814959
0.046004809535426024
0.054000015342814664
0.06135560503942454
0.03705017950803482
0.04568500131147757
0.05655848128583157
0.0578377142727111
0.052081165912468655
0.054319823583449285
0.05751790602503091
0.05719809777799087
0.046004809535426024
0.04824346712105507
0.03896902875712951
0.03417190567790465
0.054319823583449285
0.05112174120595268
0.053040590624756606
0.04088787802941326
0.04568500131147757
0.05272078238668607
0.04536519308817182
0.054000015342814664
0.046644425985250766
0.03289267288128489
0.06391407110017495
0.04888308357987234
0.04824346712105507
0.046004809535426024
0.05719809777799087
0.06871119507424632
0.03449171387867269
0.052400974149256735
0.05751790602503091
0.04568500131147757
0.061675413294781364
0.06839138680484132
0.06391407110017495
0.05623867304071244
0.04760385066480641
0.07574697716238973
0.055599056552395575
0.06423387936064405
0.03385209747778179
0.04792365889260963
0.06359426284034467
0.04760385066480641
0.06487349588349835
0.05144154944081656
0.035770946688195145
0.04472557664348869
0.05080193297173033
0.04312653554303293
0.055599056552395575
0.05368020710282097
0.04632461776001711
0.06103579678470705
0.052400974149256735
0.06103579678470705
0.06071598853062898
0.054959440066641004
0.04728404243764548
0.05879713901959199
0.055599056552395575
0.07670640201646703
0.07382812747141593
0.04888308357987234
0.054959440066641004
0.04632461776001711
0.05272078238668607
0.054959440066641004
0.04632461776001711
0.06071598853062898
0.05847733076999172
0.05112174120595268
0.054319823583449285
0.04824346712105507
0.05176135767632191
0.06615272893686945
0.046004809535426024
0.04312653554303293
0.03449171387867269
0.06039618027719038
0.0671121537336003
0.046004809535426024
0.06263483806468721
0.04728404243764548
0.05751790602503091
0.06359426284034467
0.04632461776001711
0.052400974149256735
0.046004809535426024
0.05655848128583157
0.052081165912468655
0.036090754892188
0.0715894695275826
0.0418473026742464
0.04472557664348869
0.05879713901959199
0.0415274944586584
0.06103579678470705
0.06039618027719038
0.05272078238668607
0.03960864517864826
0.06007637202439133
0.07830544345264932
0.030334207319030995
0.04984250827291319
0.05112174120595268
0.05080193297173033
0.036730371302107906
0.043766151981285965
0.06295464632260071
0.054000015342814664
0.042167110890477914
0.046004809535426024
0.043766151981285965
0.05655848128583157
0.054319823583449285
0.0581575225210314
0.037369987714606284
0.059116947269832174
0.039288836967566854
0.026176700868561817
0.043766151981285965
0.04472557664348869
0.049522700041257674
0.06039618027719038
0.06359426284034467
0.03960864517864826
0.04696423421112691
0.05016231650521052
0.059116947269832174
0.054000015342814664
0.05144154944081656
0.04824346712105507
0.0581575225210314
0.043766151981285965
0.054959440066641004
0.039928453390373674
0.04504538486550883
0.06135560503942454
0.054319823583449285
0.043766151981285965
0.039288836967566854
0.06551311240890699
0.044085960201377186
0.05687828953159107
0.06231502980741277
0.0581575225210314
0.05144154944081656
0.059116947269832174
0.04696423421112691
0.05655848128583157
0.05655848128583157
0.04728404243764548
0.054959440066641004
0.05879713901959199
0.05336039886346826
0.05655848128583157
0.036090754892188
0.05368020710282097
0.06423387936064405
0.06871119507424632
0.054959440066641004
0.052400974149256735
0.04056806981575624
0.06103579678470705
0.03960864517864826
0.037369987714606284
0.05655848128583157
0.07063004470406704
0.05847733076999172
0.05144154944081656
0.036090754892188
0.043766151981285965
0.0581575225210314
0.0418473026742464
0.05176135767632191
0.05591886479623375
0.05080193297173033
0.04088787802941326
0.04920289181024404
0.05016231650521052
0.042167110890477914
0.036090754892188
0.039288836967566854
0.049522700041257674
0.04440576842211145
0.05719809777799087
0.04472557664348869
0.04728404243764548
0.06199522155077746
0.05080193297173033
0.04632461776001711
0.05655848128583157
0.03960864517864826
0.03832941233818732
0.04984250827291319
0.05080193297173033
0.04632461776001711
0.039928453390373674
0.05144154944081656
0.05527924830919796
0.059436755520712155
0.054959440066641004
0.061675413294781364
0.046004809535426024
0.049522700041257674
0.054959440066641004
0.042486919107352895
0.06583292067256903
0.03832941233818732
0.0578377142727111
0.05144154944081656
0.06103579678470705
0.0581575225210314
0.04760385066480641
0.053040590624756606
0.05687828953159107
0.03449171387867269
0.05527924830919796
0.04024826160274303
0.054639631824724755
0.03513133028214399
0.05336039886346826
0.029374782743842753
0.05176135767632191
0.0418473026742464
0.07063004470406704
0.054639631824724755
0.03960864517864826
0.04440576842211145
0.06423387936064405
0.0581575225210314
0.054959440066641004
0.04056806981575624
0.059436755520712155
0.04824346712105507
0.07702621030243166
0.06423387936064405
0.04792365889260963
0.043766151981285965
0.054639631824724755
0.05048212473814959
0.04536519308817182
0.02905497455340564
0.05016231650521052
0.05080193297173033
0.03449171387867269
0.05016231650521052
0.043446343761837855
0.054959440066641004
0.06871119507424632
0.05112174120595268
0.059116947269832174
0.03832941233818732
0.04920289181024404
0.04280672732487125
0.032253056486847384
0.053040590624756606
0.05847733076999172
0.06263483806468721
0.04536519308817182
0.05272078238668607
0.05623867304071244
0.04920289181024404
0.04824346712105507
0.04504538486550883
0.06071598853062898
0.042486919107352895
0.06135560503942454
0.05080193297173033
0.053040590624756606
0.05016231650521052
0.04632461776001711
0.04696423421112691
0.05687828953159107
0.041207686243713994
0.04440576842211145
0.05016231650521052
0.054639631824724755
0.05272078238668607
0.036730371302107906
0.054000015342814664
0.061675413294781364
0.04696423421112691
0.04984250827291319
0.05527924830919796
0.042486919107352895
0.06007637202439133
0.04984250827291319
0.05336039886346826
0.06007637202439133
0.054639631824724755
0.06263483806468721
0.039288836967566854
0.05048212473814959
0.06231502980741277
0.05591886479623375
0.054959440066641004
0.052400974149256735
0.054959440066641004
0.054000015342814664
0.044085960201377186
0.0415274944586584
0.05144154944081656
0.054319823583449285
0.04760385066480641
0.05687828953159107
0.05176135767632191
0.04888308357987234
0.0415274944586584
0.0581575225210314
0.06487349588349835
0.06871119507424632
0.05112174120595268
0.0731885109128506
0.06455368762175187
0.05048212473814959
0.054000015342814664
0.052400974149256735
0.04568500131147757
0.05847733076999172
0.05591886479623375
0.06359426284034467
0.06039618027719038
0.061675413294781364
0.054959440066641004
0.04536519308817182
0.04312653554303293
0.07222908607977883
0.042167110890477914
0.03193324829059697
0.06199522155077746
0.04568500131147757
0.05623867304071244
0.06871119507424632
0.05975656377223191
0.04024826160274303
0.04088787802941326
0.05623867304071244
0.06647253720180818
0.037369987714606284
0.0415274944586584
0.05879713901959199
0.054319823583449285
0.04056806981575624
0.046644425985250766
0.05687828953159107
0.07702621030243166
0.05751790602503091
0.04440576842211145
0.06551311240890699
0.04696423421112691
0.03097382370571989
0.029374782743842753
0.059116947269832174
0.041207686243713994
0.04792365889260963
0.06807157853607414
0.041207686243713994
0.05687828953159107
0.05719809777799087
0.04568500131147757
0.05368020710282097
0.05368020710282097
0.04440576842211145
0.05751790602503091
0.05016231650521052
0.05112174120595268
0.054959440066641004
0.06327445458115322
0.03353228927830416
0.04024826160274303
0.06135560503942454
0.05176135767632191
0.0578377142727111
0.05591886479623375
0.055599056552395575
0.04280672732487125
0.053040590624756606
0.06743196200045357
0.0690310033442891
0.05655848128583157
0.03545113848484713
0.054959440066641004
0.043446343761837855
0.05016231650521052
0.05623867304071244
0.04856327535014267
0.05080193297173033
0.05623867304071244
0.03896902875712951
0.052400974149256735
0.044085960201377186
0.05879713901959199
0.05080193297173033
0.03513133028214399
0.04504538486550883
0.06135560503942454
0.055599056552395575
0.03800960412968261
0.04728404243764548
0.042486919107352895
0.05368020710282097
0.04632461776001711
0.04056806981575624
0.04504538486550883
0.05368020710282097
0.04760385066480641
0.030334207319030995
0.05080193297173033
0.05336039886346826
0.039288836967566854
0.054959440066641004
0.05719809777799087
0.04888308357987234
0.04568500131147757
0.04280672732487125
0.04312653554303293
0.036730371302107906
0.05687828953159107
0.06519330414588341
0.04536519308817182
0.05016231650521052
0.05879713901959199
0.042167110890477914
0.03768979592182224
0.04984250827291319
0.06583292067256903
0.03864922054733631
0.07574697716238973
0.05975656377223191
0.052081165912468655
0.037369987714606284
0.04472557664348869
0.07574697716238973
0.046644425985250766
0.04312653554303293
0.06071598853062898
0.043766151981285965
0.039928453390373674
0.05112174120595268
0.05847733076999172
0.04856327535014267
0.06871119507424632
0.06487349588349835
0.06551311240890699
0.06199522155077746
0.03800960412968261
0.042486919107352895
0.05080193297173033
0.05847733076999172
0.06583292067256903
0.053040590624756606
0.04536519308817182
0.049522700041257674
0.04760385066480641
0.05751790602503091
0.05112174120595268
0.04888308357987234
0.041207686243713994
0.05112174120595268
0.06199522155077746
0.05080193297173033
0.04088787802941326
0.052081165912468655
0.05080193297173033
0.030654015512052477
0.05048212473814959
0.054000015342814664
0.05687828953159107
0.05847733076999172
0.05751790602503091
0.05272078238668607
0.03832941233818732
0.055599056552395575
0.0578377142727111
0.06487349588349835
0.039928453390373674
0.043446343761837855
0.05655848128583157
0.05368020710282097
0.04504538486550883
0.06423387936064405
0.053040590624756606
0.046004809535426024
0.04824346712105507
0.053040590624756606
0.046644425985250766
0.04792365889260963
0.04568500131147757
0.059116947269832174
0.05655848128583157
0.054639631824724755
0.041207686243713994
0.03321248107947184
0.05687828953159107
0.03417190567790465
0.05847733076999172
0.06039618027719038
0.04856327535014267
0.03545113848484713
0.06103579678470705
0.05719809777799087
0.04536519308817182
0.06455368762175187
0.05272078238668607
0.026496509053180073
0.05527924830919796
0.05719809777799087
0.04856327535014267
0.04312653554303293
0.03705017950803482
0.07094985297793496
0.04312653554303293
0.06391407110017495
0.046644425985250766
0.06295464632260071
0.03864922054733631
0.05048212473814959
0.04440576842211145
0.055599056552395575
0.061675413294781364
0.06391407110017495
0.06071598853062898
0.04792365889260963
0.04984250827291319
0.06487349588349835
0.04984250827291319
0.03545113848484713
0.05655848128583157
0.07446774403252791
0.03800960412968261
0.053040590624756606
0.0578377142727111
0.04984250827291319
0.04792365889260963
0.04760385066480641
0.05080193297173033
0.03705017950803482
0.06807157853607414
0.04536519308817182
0.05368020710282097
0.06295464632260071
0.04632461776001711
0.052400974149256735
0.049522700041257674
0.04824346712105507
0.05048212473814959
0.04792365889260963
0.04280672732487125
0.04440576842211145
0.043766151981285965
0.04696423421112691
0.04088787802941326
0.041207686243713994
0.05591886479623375
0.053040590624756606
0.043446343761837855
0.06135560503942454
0.05176135767632191
0.027775741798120538
0.05272078238668607
0.02969459093492606
0.02745593361091544
0.05368020710282097
0.049522700041257674
0.054639631824724755
0.06263483806468721
0.03257286468374338
0.04536519308817182
0.05016231650521052
0.04728404243764548
0.053040590624756606
0.052400974149256735
0.04728404243764548
0.030334207319030995
0.04504538486550883
0.054639631824724755
0.03385209747778179
0.06551311240890699
0.06231502980741277
0.05272078238668607
0.04504538486550883
0.04280672732487125
0.08022429319704572
0.035770946688195145
0.0735083191918149