0.028415358174470287
0.022339002703619208
0.02969459093492606
0.01978053731213322
0.032253056486847384
0.039288836967566854
0.027775741798120538
0.03417190567790465
0.026176700868561817
0.03257286468374338
0.039928453390373674
0.025537084501266027
0.03545113848484713
0.024897468136558316
0.04472557664348869
0.03896902875712951
0.027136125424356953
0.032253056486847384
0.034811522080085824
0.02905497455340564
0.03193324829059697
0.027136125424356953
0.03097382370571989
0.041207686243713994
0.03896902875712951
0.029374782743842753
0.02969459093492606
0.03705017950803482
0.029374782743842753
0.03768979592182224
0.04088787802941326
0.030014399126655496
0.029374782743842753
0.035770946688195145
0.030654015512052477
0.03289267288128489
0.024897468136558316
0.03353228927830416
0.0316134400949922
0.032253056486847384
0.04280672732487125
0.0287351663636148
0.04312653554303293
0.028095549985972176
0.020420153656116567
0.030654015512052477
0.03768979592182224
0.03449171387867269
0.022658810880470347
0.019140920970742888
0.03289267288128489
0.030014399126655496
0.037369987714606284
0.030654015512052477
0.036090754892188
0.026176700868561817
0.03545113848484713
0.026176700868561817
0.036730371302107906
0.03705017950803482
0.03417190567790465
0.03641056309682561
0.034811522080085824
0.0316134400949922
0.023618235414909317
0.0316134400949922
0.03289267288128489
0.025217276318588628
0.03513133028214399
0.0287351663636148
0.02681631723844514
0.027136125424356953
0.03289267288128489
0.0287351663636148
0.022978619057969125
0.03097382370571989
0.03353228927830416
0.024897468136558316
0.028415358174470287
0.02745593361091544
0.032253056486847384
0.03353228927830416
0.03417190567790465
0.02969459093492606
0.04024826160274303
0.02905497455340564
0.03800960412968261
0.026176700868561817
0.03353228927830416
0.03257286468374338
0.030654015512052477
0.02969459093492606
0.03800960412968261
0.029374782743842753
0.02969459093492606
0.043766151981285965
0.03832941233818732
0.0316134400949922
0.02201919452741577
0.03641056309682561
0.03097382370571989
0.025856892684590446
0.022978619057969125
0.03353228927830416
0.03385209747778179
0.03321248107947184
0.028095549985972176
0.03417190567790465
0.03097382370571989
0.028415358174470287
0.02969459093492606
0.03193324829059697
0.03193324829059697
0.02745593361091544
0.04056806981575624
0.043766151981285965
0.030334207319030995
0.03545113848484713
0.02201919452741577
0.0287351663636148
0.03417190567790465
0.02969459093492606
0.03449171387867269
0.030334207319030995
0.030334207319030995
0.03289267288128489
0.03832941233818732
0.026176700868561817
0.034811522080085824
0.029374782743842753
0.022978619057969125
0.028095549985972176
0.028415358174470287
0.030334207319030995
0.02745593361091544
0.012744757699575938
0.023618235414909317
0.036730371302107906
0.02457765995517516
0.02969459093492606
0.03800960412968261
0.02905497455340564
0.025856892684590446
0.041207686243713994
0.030014399126655496
0.027775741798120538
0.022339002703619208
0.028095549985972176
0.02969459093492606
0.032253056486847384
0.03321248107947184
0.02329842723611547
0.03321248107947184
0.032253056486847384
0.036090754892188
0.030654015512052477
0.029374782743842753
0.036730371302107906
0.041207686243713994
0.030334207319030995
0.04024826160274303
0.03097382370571989
0.02745593361091544
0.03545113848484713
0.025537084501266027
0.03449171387867269
0.034811522080085824
0.028415358174470287
0.027775741798120538
0.03896902875712951
0.027775741798120538
0.039928453390373674
0.02105977000269238
0.04024826160274303
0.03353228927830416
0.03832941233818732
0.030014399126655496
0.04024826160274303
0.0316134400949922
0.036730371302107906
0.025217276318588628
0.02137957817695229
0.025217276318588628
0.03417190567790465
0.03800960412968261
0.031293631900033154
0.03289267288128489
0.0287351663636148
0.036090754892188
0.03800960412968261
0.028095549985972176
0.03193324829059697
0.030014399126655496
0.0316134400949922
0.030654015512052477
0.030654015512052477
0.035770946688195145
0.03353228927830416
0.03960864517864826
0.03257286468374338
0.028095549985972176
0.03289267288128489
0.03385209747778179
0.0287351663636148
0.030654015512052477
0.030334207319030995
0.037369987714606284
0.04056806981575624
0.025856892684590446
0.043446343761837855
0.022978619057969125
0.02969459093492606
0.03193324829059697
0.02457765995517516
0.026176700868561817
0.027136125424356953
0.027136125424356953
0.032253056486847384
0.04728404243764548
0.030014399126655496
0.023618235414909317
0.028095549985972176
0.04440576842211145
0.026496509053180073
0.030014399126655496
0.03417190567790465
0.030014399126655496
0.030014399126655496
0.03800960412968261
0.027775741798120538
0.03257286468374338
0.03385209747778179
0.03321248107947184
0.03321248107947184
0.030334207319030995
0.030654015512052477
0.025856892684590446
0.03257286468374338
0.04056806981575624
0.0316134400949922
0.03896902875712951
0.02681631723844514
0.03417190567790465
0.03768979592182224
0.02329842723611547
0.025856892684590446
0.027136125424356953
0.023618235414909317
0.032253056486847384
0.036730371302107906
0.02905497455340564
0.03257286468374338
0.03289267288128489
0.022978619057969125
0.030654015512052477
0.03257286468374338
0.024257851774439225
0.0316134400949922
0.0316134400949922
0.02457765995517516
0.02905497455340564
0.02169938635186011
0.02905497455340564
0.026176700868561817
0.03097382370571989
0.02681631723844514
0.020739961829080448
0.030334207319030995
0.0316134400949922
0.03385209747778179
0.028095549985972176
0.02329842723611547
0.03353228927830416
0.04568500131147757
0.03449171387867269
0.03832941233818732
0.03193324829059697
0.0287351663636148
0.03193324829059697
0.0316134400949922
0.03513133028214399
0.03193324829059697
0.03257286468374338
0.03353228927830416
0.028095549985972176
0.025537084501266027
0.03097382370571989
0.03513133028214399
0.036090754892188
0.022658810880470347
0.039928453390373674
0.03768979592182224
0.035770946688195145
0.027136125424356953
0.030014399126655496
0.02681631723844514
0.022978619057969125
0.034811522080085824
0.024257851774439225
0.03385209747778179
0.03513133028214399
0.036730371302107906
0.024897468136558316
0.03353228927830416
0.020100345483800804
0.030654015512052477
0.03353228927830416
0.04088787802941326
0.02393804359435059
0.03321248107947184
0.03545113848484713
0.037369987714606284
0.02681631723844514
0.023618235414909317
0.019140920970742888
0.03417190567790465
0.03960864517864826
0.04088787802941326
0.02681631723844514
0.04056806981575624
0.02457765995517516
0.026496509053180073
0.025856892684590446
0.03449171387867269
0.02681631723844514
0.02969459093492606
0.039928453390373674
0.02969459093492606
0.03321248107947184
0.03641056309682561
0.03385209747778179
0.03257286468374338
0.03097382370571989
0.02457765995517516
0.025856892684590446
0.03257286468374338
0.027136125424356953
0.02201919452741577
0.0316134400949922
0.03768979592182224
0.024257851774439225
0.037369987714606284
0.036090754892188
0.03641056309682561
0.0287351663636148
0.024897468136558316
0.03097382370571989
0.03257286468374338
0.03800960412968261
0.027775741798120538
0.03449171387867269
0.02137957817695229
0.028095549985972176
0.03257286468374338
0.0287351663636148
0.03960864517864826
0.02905497455340564
0.03097382370571989
0.030654015512052477
0.031293631900033154
0.03417190567790465
0.03513133028214399
0.032253056486847384
0.02393804359435059
0.032253056486847384
0.03545113848484713
0.036090754892188
0.0316134400949922
0.025856892684590446
0.02457765995517516
0.022339002703619208
0.022978619057969125
0.022978619057969125
0.032253056486847384
0.03449171387867269
0.0316134400949922
0.03641056309682561
0.022658810880470347
0.028415358174470287
0.03289267288128489
0.03417190567790465
0.022978619057969125
0.025217276318588628
0.039928453390373674
0.02905497455340564
0.04568500131147757
0.024257851774439225
0.03800960412968261
0.03321248107947184
0.026176700868561817
0.037369987714606284
0.02681631723844514
0.022339002703619208
0.025537084501266027
0.017861688295743455
0.027775741798120538
0.025537084501266027
0.026496509053180073
0.032253056486847384
0.035770946688195145
0.0316134400949922
0.04056806981575624
0.037369987714606284
0.032253056486847384
0.0316134400949922
0.0287351663636148
0.04024826160274303
0.026176700868561817
0.031293631900033154
0.034811522080085824
0.03864922054733631
0.03385209747778179
0.027775741798120538
0.02393804359435059
0.031293631900033154
0.03513133028214399
0.035770946688195145
0.039288836967566854
0.02905497455340564
0.02393804359435059
0.02905497455340564
0.029374782743842753
0.02905497455340564
0.03385209747778179
0.03513133028214399
0.028415358174470287
0.025856892684590446
0.025217276318588628
0.03257286468374338
0.025217276318588628
0.02745593361091544
0.03705017950803482
0.02905497455340564
0.030334207319030995
0.03768979592182224
0.02105977000269238
0.02969459093492606
0.02169938635186011
0.030334207319030995
0.0287351663636148
0.03289267288128489
0.02169938635186011
0.03513133028214399
0.028415358174470287
0.025537084501266027
0.025537084501266027
0.02969459093492606
0.032253056486847384
0.02681631723844514
0.036730371302107906
0.02329842723611547
0.034811522080085824
0.03417190567790465
0.04088787802941326
0.03960864517864826
0.030334207319030995
0.02969459093492606
0.03864922054733631
0.03321248107947184
0.03321248107947184
0.0316134400949922
0.03353228927830416
0.037369987714606284
0.020739961829080448
0.020100345483800804
0.0316134400949922
0.031293631900033154
0.03545113848484713
0.030014399126655496
0.025217276318588628
0.03193324829059697
0.03385209747778179
0.030334207319030995
0.029374782743842753
0.03257286468374338
0.028415358174470287
0.028095549985972176
0.037369987714606284
0.029374782743842753
0.03896902875712951
0.028095549985972176
0.03545113848484713
0.037369987714606284
0.02457765995517516
0.04504538486550883
0.035770946688195145
0.028095549985972176
0.03193324829059697
0.020739961829080448
0.030654015512052477
0.03705017950803482
0.02393804359435059
0.03257286468374338
0.029374782743842753
0.03353228927830416
0.03800960412968261
0.036730371302107906
0.03353228927830416
0.03097382370571989
0.028095549985972176
0.03321248107947184
0.0316134400949922
0.031293631900033154
0.02969459093492606
0.030334207319030995
0.022978619057969125
0.028095549985972176
0.039928453390373674
0.03705017950803482
0.03097382370571989
0.04056806981575624
0.044085960201377186
0.030014399126655496
0.0287351663636148
0.023618235414909317
0.03321248107947184
0.02969459093492606
0.03545113848484713
0.03289267288128489
0.02745593361091544
0.03545113848484713
0.02905497455340564
0.02969459093492606
0.034811522080085824
0.02969459093492606
0.024257851774439225
0.028415358174470287
0.018501304631946113
0.030334207319030995
0.03193324829059697
0.029374782743842753
0.036730371302107906
0.032253056486847384
0.02137957817695229
0.0287351663636148
0.024897468136558316
0.027775741798120538
0.039928453390373674
0.030654015512052477
0.0287351663636148
0.027775741798120538
0.03257286468374338
0.03193324829059697
0.03513133028214399
0.02681631723844514
0.03832941233818732
0.03768979592182224
0.032253056486847384
0.01978053731213322
0.03193324829059697
0.020420153656116567
0.03864922054733631
0.03513133028214399
0.03193324829059697
0.03321248107947184
0.02105977000269238
0.032253056486847384
0.032253056486847384
0.022978619057969125
0.02969459093492606
0.020420153656116567
0.030014399126655496
0.02681631723844514
0.027136125424356953
0.030014399126655496
0.03289267288128489
0.04024826160274303
0.032253056486847384
0.025217276318588628
0.030654015512052477
0.025537084501266027
0.039928453390373674
0.036090754892188
0.02169938635186011
0.03832941233818732
0.025856892684590446
0.022658810880470347
0.035770946688195145
0.034811522080085824
0.028095549985972176
0.027775741798120538
0.02137957817695229
0.026496509053180073
0.030334207319030995
0.02745593361091544
0.025856892684590446
0.035770946688195145
0.036730371302107906
0.0316134400949922
0.03289267288128489
0.029374782743842753
0.027136125424356953
0.02681631723844514
0.04056806981575624
0.028095549985972176
0.03321248107947184
0.030654015512052477
0.036090754892188
0.035770946688195145
0.025537084501266027
0.02201919452741577
0.02201919452741577
0.03641056309682561
0.03800960412968261
0.030014399126655496
0.03832941233818732
0.026176700868561817
0.0316134400949922
0.03545113848484713
0.039288836967566854
0.03097382370571989
0.024257851774439225
0.0316134400949922
0.03193324829059697
0.027775741798120538
0.026496509053180073
0.03417190567790465
0.037369987714606284
0.03641056309682561
0.030334207319030995
0.04056806981575624
0.026496509053180073
0.027136125424356953
0.03800960412968261
0.036730371302107906
0.036730371302107906
0.01562303113947067
0.03417190567790465
0.03353228927830416
0.03193324829059697
0.029374782743842753
0.01946072914111389
0.03193324829059697
0.027775741798120538
0.03513133028214399
0.02681631723844514
0.017541880128615087
0.026496509053180073
0.030014399126655496
0.027136125424356953
0.02905497455340564
0.02393804359435059
0.02745593361091544
0.025856892684590446
0.03257286468374338
0.020420153656116567
0.029374782743842753
0.031293631900033154
0.029374782743842753
0.03193324829059697
0.032253056486847384
0.03641056309682561
0.03896902875712951
0.03257286468374338
0.02905497455340564
0.04024826160274303
0.0316134400949922
0.022978619057969125
0.03705017950803482
0.02905497455340564
0.03417190567790465
0.03449171387867269
0.03545113848484713
0.030334207319030995
0.03193324829059697
0.02329842723611547
0.03545113848484713
0.03449171387867269
0.030654015512052477
0.025537084501266027
0.035770946688195145
0.024897468136558316
0.025537084501266027
0.020420153656116567
0.03097382370571989
0.029374782743842753
0.03321248107947184
0.02201919452741577
0.030334207319030995
0.03449171387867269
0.03097382370571989
0.019140920970742888
0.03864922054733631
0.028415358174470287
0.03864922054733631
0.02745593361091544
0.035770946688195145
0.034811522080085824
0.03449171387867269
0.026496509053180073
0.03385209747778179
0.025856892684590446
0.03960864517864826
0.028415358174470287
0.0316134400949922
0.02681631723844514
0.03193324829059697
0.03097382370571989
0.036730371302107906
0.025856892684590446
0.030014399126655496
0.04024826160274303
0.026176700868561817
0.03800960412968261
0.027775741798120538
0.022978619057969125
0.022658810880470347
0.027775741798120538
0.03353228927830416
0.03417190567790465
0.032253056486847384
0.03800960412968261
0.02745593361091544
0.030654015512052477
0.03097382370571989
0.029374782743842753
0.03097382370571989
0.03193324829059697
0.025217276318588628
0.028095549985972176
0.027775741798120538
0.031293631900033154
0.036090754892188
0.02457765995517516
0.03385209747778179
0.03353228927830416
0.01978053731213322
0.03289267288128489
0.02201919452741577
0.039288836967566854
0.034811522080085824
0.02745593361091544
0.037369987714606284
0.035770946688195145
0.02393804359435059
0.028095549985972176
0.026176700868561817
0.027775741798120538
0.03513133028214399
0.027136125424356953
0.03513133028214399
0.02393804359435059
0.03193324829059697
0.03641056309682561
0.03193324829059697
0.03257286468374338
0.02457765995517516
0.02169938635186011
0.03417190567790465
0.020100345483800804
0.02201919452741577
0.02969459093492606
0.03417190567790465
0.036090754892188
0.039928453390373674
0.03289267288128489
0.0316134400949922
0.036730371302107906
0.04856327535014267
0.031293631900033154
0.02745593361091544
0.030654015512052477
0.0287351663636148
0.0316134400949922
0.03417190567790465
0.02393804359435059
0.026496509053180073
0.03449171387867269
0.0316134400949922
0.041207686243713994
0.04280672732487125
0.02905497455340564
0.02681631723844514
0.02905497455340564
0.039928453390373674
0.03193324829059697
0.037369987714606284
0.02745593361091544
0.035770946688195145
0.03768979592182224
0.027136125424356953
0.043766151981285965
0.024257851774439225
0.03800960412968261
0.02329842723611547
0.02905497455340564
0.03513133028214399
0.03864922054733631
0.025537084501266027
0.02201919452741577
0.02745593361091544
0.026176700868561817
0.03097382370571989
0.0316134400949922
0.03449171387867269
0.030654015512052477
0.03353228927830416
0.028095549985972176
0.028095549985972176
0.03385209747778179
0.03800960412968261
0.03417190567790465
0.03896902875712951
0.03193324829059697
0.03321248107947184
0.03321248107947184
0.031293631900033154
0.037369987714606284
0.02169938635186011
0.03321248107947184
0.030334207319030995
0.02393804359435059
0.032253056486847384
0.030654015512052477
0.032253056486847384
0.022339002703619208
0.029374782743842753
0.03545113848484713
0.031293631900033154
0.03768979592182224
0.025537084501266027
0.030014399126655496
0.02457765995517516
0.028095549985972176
0.027136125424356953
0.03193324829059697
0.027136125424356953
0.028415358174470287
0.02969459093492606
0.03353228927830416
0.03896902875712951
0.035770946688195145
0.02745593361091544
0.028095549985972176
0.02457765995517516
0.022339002703619208
0.041207686243713994
0.029374782743842753
0.030014399126655496
0.027775741798120538
0.02905497455340564
0.025217276318588628
0.0287351663636148
0.039928453390373674
0.03289267288128489
0.029374782743842753
0.028415358174470287
0.03289267288128489
0.022658810880470347
0.024257851774439225
0.030334207319030995
0.04088787802941326
0.02905497455340564
0.02905497455340564
0.02745593361091544
0.030334207319030995
0.03832941233818732
0.02681631723844514
0.029374782743842753
0.03417190567790465
0.03193324829059697
0.025217276318588628
0.036730371302107906
0.03353228927830416
0.030654015512052477
0.03960864517864826
0.036090754892188
0.0316134400949922
0.031293631900033154
0.03321248107947184
0.03353228927830416
0.031293631900033154
0.029374782743842753
0.03097382370571989
0.02905497455340564
0.027775741798120538
0.030014399126655496
0.03321248107947184
0.02201919452741577
0.03193324829059697
0.03289267288128489
0.031293631900033154
0.036730371302107906
0.020739961829080448
0.03321248107947184
0.03257286468374338
0.031293631900033154
0.022339002703619208
0.03257286468374338
0.032253056486847384
0.028415358174470287
0.024257851774439225
0.030014399126655496
0.03705017950803482
0.018821112801020272
0.030654015512052477
0.02969459093492606
0.03417190567790465
0.025217276318588628
0.034811522080085824
0.031293631900033154
0.029374782743842753
0.03097382370571989
0.030654015512052477
0.03800960412968261
0.0316134400949922
0.03353228927830416
0.025217276318588628
0.03417190567790465
0.03193324829059697
0.030014399126655496
0.03097382370571989
0.03545113848484713
0.025217276318588628
0.02969459093492606
0.03097382370571989
0.039928453390373674
0.03193324829059697
0.02969459093492606
0.03257286468374338
0.027775741798120538
0.03321248107947184
0.030014399126655496
0.03513133028214399
0.024257851774439225
0.03289267288128489
0.02905497455340564
0.025537084501266027
0.0287351663636148
0.02969459093492606
0.03705017950803482
0.02329842723611547
0.03832941233818732
0.025217276318588628
0.02393804359435059
0.02681631723844514
0.03097382370571989
0.025537084501266027
0.028095549985972176
0.03385209747778179
0.04440576842211145
0.02393804359435059
0.029374782743842753
0.0316134400949922
0.025537084501266027
0.037369987714606284
0.03417190567790465
0.02745593361091544
0.03193324829059697
0.031293631900033154
0.04024826160274303
0.023618235414909317
0.03353228927830416
0.020739961829080448
0.032253056486847384
0.036090754892188
0.027136125424356953
0.03513133028214399
0.0316134400949922
0.019140920970742888
0.03353228927830416
0.035770946688195145
0.02681631723844514
0.029374782743842753
0.034811522080085824
0.03960864517864826
0.03097382370571989
0.034811522080085824
0.032253056486847384
0.030334207319030995
0.02905497455340564
0.03193324829059697
0.03449171387867269
0.03513133028214399
0.032253056486847384
0.0415274944586584
0.032253056486847384
0.03193324829059697
0.030334207319030995
0.03513133028214399
0.03193324829059697
0.03097382370571989
0.0287351663636148
0.03097382370571989
0.027136125424356953
0.031293631900033154
0.039288836967566854
0.030334207319030995
0.037369987714606284
0.03800960412968261
0.026176700868561817
0.02201919452741577
0.035770946688195145
0.03353228927830416
0.03513133028214399
0.035770946688195145
0.025217276318588628
0.028415358174470287
0.0316134400949922
0.030654015512052477
0.03385209747778179
0.02681631723844514
0.03321248107947184
0.036090754892188
0.025217276318588628
0.03960864517864826
0.02329842723611547
0.024897468136558316
0.032253056486847384
0.022978619057969125
0.03449171387867269
0.037369987714606284
0.016582455631122654
0.02169938635186011
0.027136125424356953
0.032253056486847384
0.02137957817695229
0.03321248107947184
0.027775741798120538
0.03513133028214399
0.0287351663636148
0.028415358174470287
0.03832941233818732
0.020420153656116567
0.028095549985972176
0.03193324829059697
0.026496509053180073
0.03193324829059697
0.022658810880470347
0.03193324829059697
0.022978619057969125
0.02905497455340564
0.03385209747778179
0.02393804359435059
0.028415358174470287
0.03193324829059697
0.03257286468374338
0.03545113848484713
0.03832941233818732
0.028095549985972176
0.024257851774439225
0.03449171387867269
0.03832941233818732
0.03449171387867269
0.028415358174470287
0.031293631900033154
0.02969459093492606
0.026176700868561817
0.02969459093492606
0.03417190567790465
0.02745593361091544
0.03896902875712951
0.03385209747778179
0.03097382370571989
0.022658810880470347
0.04088787802941326
0.03097382370571989
0.034811522080085824
0.037369987714606284
0.034811522080085824
0.022658810880470347
0.035770946688195145
0.028095549985972176
0.032253056486847384
0.032253056486847384
0.025856892684590446
0.029374782743842753
0.035770946688195145
0.030334207319030995
0.031293631900033154
0.03449171387867269
0.03385209747778179
0.03641056309682561
0.042486919107352895
0.02745593361091544
0.03289267288128489
0.027136125424356953
0.04024826160274303
0.025856892684590446
0.030334207319030995
0.02169938635186011
0.03353228927830416
0.030334207319030995
0.025217276318588628
0.028095549985972176
0.03257286468374338
0.03193324829059697
0.025856892684590446
0.042167110890477914
0.029374782743842753
0.034811522080085824
0.02201919452741577
0.03513133028214399
0.03449171387867269
0.027775741798120538
0.030014399126655496
0.023618235414909317
0.03193324829059697
0.02681631723844514
0.027775741798120538
0.03289267288128489
0.031293631900033154
0.02745593361091544
0.03513133028214399
0.03289267288128489
0.039288836967566854
0.03705017950803482
0.0287351663636148
0.026176700868561817
0.016902263796304617
0.02393804359435059
0.029374782743842753
0.03960864517864826
0.030334207319030995
0.03257286468374338
0.032253056486847384
0.03449171387867269
0.032253056486847384
0.024257851774439225
0.03832941233818732
0.03545113848484713
0.03545113848484713
0.030654015512052477
0.039928453390373674
0.02745593361091544
0.0316134400949922
0.03321248107947184
0.02905497455340564
0.030654015512052477
0.03417190567790465
0.02393804359435059
0.032253056486847384
0.025856892684590446
0.03417190567790465
0.022658810880470347
0.03193324829059697
0.02137957817695229
0.032253056486847384
0.032253056486847384
0.03193324829059697
0.028095549985972176
0.028415358174470287
0.030654015512052477
0.030014399126655496
0.0287351663636148
0.02905497455340564
0.025537084501266027
0.036730371302107906
0.03513133028214399
0.04056806981575624
0.03832941233818732
0.030334207319030995
0.027136125424356953
0.032253056486847384
0.03832941233818732
0.027136125424356953
0.024257851774439225
0.02201919452741577
0.036090754892188
0.030014399126655496
0.025537084501266027
0.03353228927830416
0.022978619057969125
0.0287351663636148
0.0316134400949922
0.030654015512052477
0.02329842723611547
0.02905497455340564
0.022339002703619208
0.022658810880470347
0.025217276318588628
0.029374782743842753
0.03545113848484713
0.02905497455340564
0.02905497455340564
0.03449171387867269
0.03353228927830416
0.030014399126655496
0.03705017950803482
0.035770946688195145
0.026496509053180073
0.028415358174470287
0.029374782743842753
0.0287351663636148
0.032253056486847384
0.028095549985972176
0.03449171387867269
0.0287351663636148
0.0316134400949922
0.030014399126655496
0.032253056486847384
0.0316134400949922
0.030334207319030995
0.026176700868561817
0.036730371302107906
0.036730371302107906
0.030334207319030995
0.030334207319030995
0.0418473026742464
0.03417190567790465
0.02905497455340564
0.03545113848484713
0.035770946688195145
0.025537084501266027
0.024897468136558316
0.03545113848484713
0.028095549985972176
0.026496509053180073
0.03385209747778179
0.03705017950803482
0.026176700868561817
0.03705017950803482
0.03864922054733631
0.030654015512052477
0.03417190567790465
0.0287351663636148
0.03257286468374338
0.041207686243713994
0.027775741798120538
0.030334207319030995
0.027775741798120538
0.024257851774439225
0.02969459093492606
0.03097382370571989
0.043446343761837855
0.03832941233818732
0.02105977000269238
0.03800960412968261
0.030334207319030995
0.03513133028214399
0.0316134400949922
0.02681631723844514
0.020100345483800804
0.027136125424356953
0.039928453390373674
0.03641056309682561
0.03449171387867269
0.03097382370571989
0.03641056309682561
0.02681631723844514
0.022978619057969125
0.039928453390373674
0.025856892684590446
0.025856892684590446
0.03097382370571989
0.0316134400949922
0.026496509053180073
0.03257286468374338
0.03353228927830416
0.026496509053180073
0.02905497455340564
0.026496509053180073
0.03449171387867269
0.024257851774439225
0.03353228927830416
0.028415358174470287
0.028095549985972176
0.02905497455340564
0.030334207319030995
0.0418473026742464
0.0316134400949922
0.034811522080085824
0.03193324829059697
0.03353228927830416
0.02969459093492606
0.02105977000269238
0.024897468136558316
0.03257286468374338
0.023618235414909317
0.027775741798120538
0.0415274944586584
0.02681631723844514
0.03832941233818732
0.032253056486847384
0.02745593361091544
0.027775741798120538
0.03289267288128489
0.032253056486847384
0.02969459093492606
0.026176700868561817
0.03289267288128489
0.03513133028214399
0.03353228927830416
0.027775741798120538
0.022658810880470347
0.036730371302107906
0.025537084501266027
0.029374782743842753
0.03289267288128489
0.02969459093492606
0.030334207319030995
0.032253056486847384
0.039288836967566854
0.04056806981575624
0.03417190567790465
0.03097382370571989
0.02169938635186011
0.03641056309682561
0.025537084501266027
0.03705017950803482
0.025217276318588628
0.03097382370571989
0.03449171387867269
0.026176700868561817
0.03289267288128489
0.02969459093492606
0.035770946688195145
0.03385209747778179
0.025217276318588628
0.02393804359435059
0.03193324829059697
0.03097382370571989
0.018181496463520484
0.025537084501266027
0.022658810880470347
0.030014399126655496
0.03097382370571989
0.027136125424356953
0.03417190567790465
0.03513133028214399
0.028095549985972176
0.02329842723611547
0.036730371302107906
0.02745593361091544
0.016902263796304617
0.03097382370571989
0.03449171387867269
0.031293631900033154
0.03545113848484713
0.0316134400949922
0.022978619057969125
0.03289267288128489
0.030014399126655496
0.04024826160274303
0.030334207319030995
0.028415358174470287
0.030334207319030995
0.029374782743842753
0.026496509053180073
0.035770946688195145
0.03385209747778179
0.031293631900033154
0.02393804359435059
0.03513133028214399
0.032253056486847384
0.02745593361091544
0.02969459093492606
0.042486919107352895
0.027775741798120538
0.025217276318588628
0.03513133028214399
0.0316134400949922
0.025537084501266027
0.03864922054733631
0.039928453390373674
0.03289267288128489
0.037369987714606284
0.04024826160274303
0.046644425985250766
0.027775741798120538
0.028095549985972176
0.030334207319030995
0.03321248107947184
0.03864922054733631
0.032253056486847384
0.030014399126655496
0.02393804359435059
0.03449171387867269
0.02169938635186011
0.0316134400949922
0.03097382370571989
0.03257286468374338
0.025537084501266027
0.03449171387867269
0.022658810880470347
0.034811522080085824
0.027136125424356953
0.02969459093492606
0.01946072914111389
0.030014399126655496
0.02905497455340564
0.02905497455340564
0.04088787802941326
0.03832941233818732
0.028095549985972176
0.030334207319030995
0.0316134400949922
0.03353228927830416
0.028095549985972176
0.03513133028214399
0.028415358174470287
0.025856892684590446
0.0316134400949922
0.03417190567790465
0.02745593361091544
0.028095549985972176
0.03193324829059697
0.03705017950803482
0.028415358174470287
0.036090754892188
0.03257286468374338
0.03193324829059697
0.022658810880470347
0.03193324829059697
0.025856892684590446
0.03193324829059697
0.02457765995517516
0.024897468136558316
0.03960864517864826
0.028095549985972176
0.03768979592182224
0.03417190567790465
0.019140920970742888
0.030334207319030995
0.03960864517864826
0.030334207319030995
0.02969459093492606
0.03705017950803482
0.026496509053180073
0.025856892684590446
0.03193324829059697
0.031293631900033154
0.026496509053180073
0.03353228927830416
0.025856892684590446
0.04312653554303293
0.024257851774439225
0.032253056486847384
0.02969459093492606
0.035770946688195145
0.02969459093492606
0.03385209747778179
0.030334207319030995
0.02201919452741577
0.035770946688195145
0.0316134400949922
0.0316134400949922
0.03289267288128489
0.02201919452741577
0.029374782743842753
0.03385209747778179
0.030014399126655496
0.03896902875712951
0.039288836967566854
0.02329842723611547
0.030334207319030995
0.030654015512052477
0.02905497455340564
0.024257851774439225
0.03193324829059697
0.030014399126655496
0.03097382370571989
0.030014399126655496
0.03257286468374338
0.02745593361091544
0.03193324829059697
0.03193324829059697
0.036730371302107906
0.02201919452741577
0.031293631900033154
0.028095549985972176
0.030334207319030995
0.026496509053180073
0.028415358174470287
0.029374782743842753
0.03289267288128489
0.025856892684590446
0.03513133028214399
0.042167110890477914
0.037369987714606284
0.025217276318588628
0.03545113848484713
0.036090754892188
0.024257851774439225
0.03545113848484713
0.022658810880470347
0.01626264746658963
0.03449171387867269
0.034811522080085824
0.030654015512052477
0.03513133028214399
0.02681631723844514
0.022978619057969125
0.026496509053180073
0.026176700868561817
0.019140920970742888
0.025537084501266027
0.03545113848484713
0.02457765995517516
0.03289267288128489
0.026176700868561817
0.022339002703619208
0.04280672732487125
0.028415358174470287
0.037369987714606284
0.02169938635186011
0.026496509053180073
0.04024826160274303
0.019140920970742888
0.0316134400949922