0.04440576842211145
0.03257286468374338
0.04088787802941326
0.028415358174470287
0.04984250827291319
0.05336039886346826
0.041207686243713994
0.05080193297173033
0.03385209747778179
0.04472557664348869
0.05975656377223191
0.035770946688195145
0.052400974149256735
0.03545113848484713
0.06295464632260071
0.05527924830919796
0.036730371302107906
0.046004809535426024
0.04856327535014267
0.04280672732487125
0.04696423421112691
0.042167110890477914
0.04760385066480641
0.05719809777799087
0.05591886479623375
0.04056806981575624
0.04568500131147757
0.053040590624756606
0.04312653554303293
0.05048212473814959
0.06199522155077746
0.04536519308817182
0.0418473026742464
0.052081165912468655
0.04312653554303293
0.05272078238668607
0.03705017950803482
0.04856327535014267
0.04728404243764548
0.04760385066480641
0.06231502980741277
0.04088787802941326
0.06583292067256903
0.03832941233818732
0.02969459093492606
0.04472557664348869
0.05655848128583157
0.04824346712105507
0.030654015512052477
0.026496509053180073
0.05048212473814959
0.043766151981285965
0.054959440066641004
0.043766151981285965
0.05336039886346826
0.037369987714606284
0.05112174120595268
0.03768979592182224
0.05527924830919796
0.052400974149256735
0.05048212473814959
0.05368020710282097
0.049522700041257674
0.05016231650521052
0.036090754892188
0.04472557664348869
0.04728404243764548
0.03705017950803482
0.05144154944081656
0.043766151981285965
0.039928453390373674
0.04024826160274303
0.04792365889260963
0.04536519308817182
0.02969459093492606
0.0418473026742464
0.04824346712105507
0.03417190567790465
0.042167110890477914
0.04088787802941326
0.04920289181024404
0.049522700041257674
0.04568500131147757
0.04280672732487125
0.06039618027719038
0.041207686243713994
0.054639631824724755
0.03960864517864826
0.04920289181024404
0.04568500131147757
0.04472557664348869
0.042167110890477914
0.054319823583449285
0.03960864517864826
0.0418473026742464
0.06263483806468721
0.05591886479623375
0.04696423421112691
0.03097382370571989
0.052081165912468655
0.04760385066480641
0.034811522080085824
0.030014399126655496
0.05016231650521052
0.05272078238668607
0.04824346712105507
0.04024826160274303
0.05016231650521052
0.04696423421112691
0.039928453390373674
0.042486919107352895
0.046004809535426024
0.04632461776001711
0.04056806981575624
0.06103579678470705
0.06359426284034467
0.04696423421112691
0.05016231650521052
0.03385209747778179
0.0418473026742464
0.04920289181024404
0.04856327535014267
0.054639631824724755
0.04440576842211145
0.0418473026742464
0.049522700041257674
0.05719809777799087
0.03832941233818732
0.052081165912468655
0.04440576842211145
0.032253056486847384
0.039928453390373674
0.041207686243713994
0.0415274944586584
0.039288836967566854
0.016582455631122654
0.03193324829059697
0.05272078238668607
0.039288836967566854
0.04312653554303293
0.05847733076999172
0.044085960201377186
0.04088787802941326
0.059116947269832174
0.0418473026742464
0.039928453390373674
0.03193324829059697
0.04088787802941326
0.04440576842211145
0.05144154944081656
0.04856327535014267
0.03513133028214399
0.04824346712105507
0.04632461776001711
0.05591886479623375
0.04440576842211145
0.04280672732487125
0.054319823583449285
0.06103579678470705
0.04440576842211145
0.05751790602503091
0.043766151981285965
0.03832941233818732
0.05112174120595268
0.03896902875712951
0.04856327535014267
0.04760385066480641
0.04056806981575624
0.03768979592182224
0.05527924830919796
0.0418473026742464
0.05719809777799087
0.02745593361091544
0.059116947269832174
0.04728404243764548
0.055599056552395575
0.04504538486550883
0.06039618027719038
0.05112174120595268
0.05368020710282097
0.03097382370571989
0.02969459093492606
0.03417190567790465
0.04824346712105507
0.054319823583449285
0.04568500131147757
0.04728404243764548
0.042486919107352895
0.049522700041257674
0.05687828953159107
0.0418473026742464
0.04696423421112691
0.042167110890477914
0.043766151981285965
0.043766151981285965
0.042167110890477914
0.05016231650521052
0.04984250827291319
0.05879713901959199
0.04792365889260963
0.04088787802941326
0.04856327535014267
0.049522700041257674
0.04536519308817182
0.043446343761837855
0.042486919107352895
0.055599056552395575
0.05751790602503091
0.03768979592182224
0.06071598853062898
0.03321248107947184
0.0418473026742464
0.04568500131147757
0.03257286468374338
0.041207686243713994
0.039928453390373674
0.036090754892188
0.04760385066480641
0.06871119507424632
0.04632461776001711
0.031293631900033154
0.0418473026742464
0.06487349588349835
0.03896902875712951
0.04088787802941326
0.05144154944081656
0.043446343761837855
0.04024826160274303
0.05719809777799087
0.03864922054733631
0.04760385066480641
0.05048212473814959
0.04856327535014267
0.05144154944081656
0.044085960201377186
0.04792365889260963
0.0415274944586584
0.04632461776001711
0.06327445458115322
0.04696423421112691
0.06007637202439133
0.03832941233818732
0.05272078238668607
0.05591886479623375
0.035770946688195145
0.04056806981575624
0.04024826160274303
0.034811522080085824
0.04824346712105507
0.055599056552395575
0.041207686243713994
0.04856327535014267
0.04792365889260963
0.03417190567790465
0.04504538486550883
0.04312653554303293
0.03353228927830416
0.04568500131147757
0.04728404243764548
0.034811522080085824
0.04472557664348869
0.03289267288128489
0.04056806981575624
0.03864922054733631
0.04312653554303293
0.03768979592182224
0.03097382370571989
0.04504538486550883
0.04728404243764548
0.049522700041257674
0.039288836967566854
0.032253056486847384
0.04856327535014267
0.06679234546738516
0.05080193297173033
0.05751790602503091
0.046004809535426024
0.04504538486550883
0.04920289181024404
0.04440576842211145
0.054000015342814664
0.046004809535426024
0.04856327535014267
0.052081165912468655
0.03864922054733631
0.035770946688195145
0.04568500131147757
0.052400974149256735
0.054319823583449285
0.029374782743842753
0.05527924830919796
0.053040590624756606
0.05336039886346826
0.03800960412968261
0.04472557664348869
0.0415274944586584
0.03417190567790465
0.052081165912468655
0.035770946688195145
0.04760385066480641
0.05112174120595268
0.05144154944081656
0.03832941233818732
0.04696423421112691
0.03257286468374338
0.046644425985250766
0.04696423421112691
0.05975656377223191
0.03513133028214399
0.04760385066480641
0.05144154944081656
0.055599056552395575
0.0418473026742464
0.036090754892188
0.030334207319030995
0.052400974149256735
0.05719809777799087
0.06039618027719038
0.0418473026742464
0.05975656377223191
0.03864922054733631
0.03960864517864826
0.036730371302107906
0.04984250827291319
0.03705017950803482
0.043766151981285965
0.05847733076999172
0.042486919107352895
0.04568500131147757
0.052400974149256735
0.05368020710282097
0.049522700041257674
0.04696423421112691
0.03800960412968261
0.039288836967566854
0.04504538486550883
0.03864922054733631
0.036730371302107906
0.04888308357987234
0.05751790602503091
0.03960864517864826
0.054319823583449285
0.05591886479623375
0.054639631824724755
0.0418473026742464
0.036730371302107906
0.046644425985250766
0.04728404243764548
0.05272078238668607
0.03864922054733631
0.04920289181024404
0.0316134400949922
0.039928453390373674
0.04856327535014267
0.04440576842211145
0.06103579678470705
0.04536519308817182
0.04760385066480641
0.046644425985250766
0.04792365889260963
0.05048212473814959
0.05336039886346826
0.04760385066480641
0.03641056309682561
0.049522700041257674
0.05272078238668607
0.052400974149256735
0.04920289181024404
0.03705017950803482
0.03896902875712951
0.03385209747778179
0.03449171387867269
0.03193324829059697
0.04632461776001711
0.052400974149256735
0.046004809535426024
0.054000015342814664
0.039928453390373674
0.042486919107352895
0.04984250827291319
0.049522700041257674
0.037369987714606284
0.04024826160274303
0.06199522155077746
0.041207686243713994
0.06583292067256903
0.0415274944586584
0.055599056552395575
0.04696423421112691
0.03513133028214399
0.05527924830919796
0.04056806981575624
0.03449171387867269
0.035770946688195145
0.029374782743842753
0.04312653554303293
0.0415274944586584
0.042167110890477914
0.04824346712105507
0.05016231650521052
0.04440576842211145
0.05847733076999172
0.05176135767632191
0.04472557664348869
0.046004809535426024
0.042167110890477914
0.061675413294781364
0.04056806981575624
0.04536519308817182
0.052081165912468655
0.05719809777799087
0.04824346712105507
0.03864922054733631
0.03832941233818732
0.046644425985250766
0.05336039886346826
0.05272078238668607
0.0581575225210314
0.04536519308817182
0.03321248107947184
0.042167110890477914
0.04280672732487125
0.04280672732487125
0.04888308357987234
0.055599056552395575
0.046004809535426024
0.03960864517864826
0.04024826160274303
0.04888308357987234
0.03545113848484713
0.039928453390373674
0.054639631824724755
0.042486919107352895
0.043446343761837855
0.05527924830919796
0.03257286468374338
0.046004809535426024
0.03257286468374338
0.046004809535426024
0.041207686243713994
0.04888308357987234
0.032253056486847384
0.05048212473814959
0.04088787802941326
0.03545113848484713
0.039288836967566854
0.043446343761837855
0.05016231650521052
0.04024826160274303
0.054319823583449285
0.03513133028214399
0.052400974149256735
0.04728404243764548
0.06007637202439133
0.05975656377223191
0.04440576842211145
0.04568500131147757
0.0581575225210314
0.04984250827291319
0.04888308357987234
0.046004809535426024
0.05048212473814959
0.054639631824724755
0.03449171387867269
0.03193324829059697
0.04728404243764548
0.04568500131147757
0.054319823583449285
0.04504538486550883
0.036730371302107906
0.04760385066480641
0.05176135767632191
0.04440576842211145
0.04312653554303293
0.04440576842211145
0.042167110890477914
0.041207686243713994
0.05336039886346826
0.04632461776001711
0.05751790602503091
0.03832941233818732
0.054639631824724755
0.059116947269832174
0.03545113848484713
0.06583292067256903
0.05336039886346826
0.04472557664348869
0.04888308357987234
0.030014399126655496
0.04696423421112691
0.054000015342814664
0.03705017950803482
0.05048212473814959
0.044085960201377186
0.052400974149256735
0.05591886479623375
0.05751790602503091
0.04920289181024404
0.04504538486550883
0.04440576842211145
0.04696423421112691
0.04728404243764548
0.046644425985250766
0.043446343761837855
0.043446343761837855
0.03417190567790465
0.04312653554303293
0.06199522155077746
0.055599056552395575
0.04920289181024404
0.06039618027719038
0.06583292067256903
0.04568500131147757
0.042167110890477914
0.03800960412968261
0.04696423421112691
0.04280672732487125
0.0578377142727111
0.05144154944081656
0.03960864517864826
0.052081165912468655
0.043766151981285965
0.04312653554303293
0.054639631824724755
0.044085960201377186
0.03385209747778179
0.0418473026742464
0.0287351663636148
0.04696423421112691
0.04696423421112691
0.04888308357987234
0.054639631824724755
0.04888308357987234
0.0316134400949922
0.04440576842211145
0.035770946688195145
0.039288836967566854
0.05847733076999172
0.04984250827291319
0.0418473026742464
0.04312653554303293
0.05016231650521052
0.04792365889260963
0.05272078238668607
0.042167110890477914
0.0578377142727111
0.05879713901959199
0.04824346712105507
0.02969459093492606
0.046004809535426024
0.031293631900033154
0.05847733076999172
0.04984250827291319
0.04472557664348869
0.04760385066480641
0.0287351663636148
0.04760385066480641
0.04920289181024404
0.03545113848484713
0.046004809535426024
0.02969459093492606
0.043446343761837855
0.039288836967566854
0.04088787802941326
0.046004809535426024
0.04824346712105507
0.06007637202439133
0.04984250827291319
0.03705017950803482
0.04696423421112691
0.03768979592182224
0.06039618027719038
0.05144154944081656
0.0287351663636148
0.05623867304071244
0.03832941233818732
0.03449171387867269
0.054639631824724755
0.052400974149256735
0.0415274944586584
0.04056806981575624
0.030654015512052477
0.03832941233818732
0.04632461776001711
0.04056806981575624
0.03768979592182224
0.054000015342814664
0.054319823583449285
0.04504538486550883
0.04920289181024404
0.042167110890477914
0.04056806981575624
0.03832941233818732
0.06519330414588341
0.043446343761837855
0.04856327535014267
0.04568500131147757
0.05368020710282097
0.054319823583449285
0.03800960412968261
0.0316134400949922
0.0316134400949922
0.05080193297173033
0.054959440066641004
0.04280672732487125
0.059116947269832174
0.039928453390373674
0.04984250827291319
0.05080193297173033
0.059436755520712155
0.04728404243764548
0.036090754892188
0.04792365889260963
0.04920289181024404
0.0418473026742464
0.03800960412968261
0.049522700041257674
0.05368020710282097
0.05080193297173033
0.04536519308817182
0.061675413294781364
0.042167110890477914
0.0418473026742464
0.05719809777799087
0.05655848128583157
0.054639631824724755
0.023618235414909317
0.052400974149256735
0.05272078238668607
0.046004809535426024
0.043766151981285965
0.027775741798120538
0.04728404243764548
0.03800960412968261
0.054319823583449285
0.04056806981575624
0.027775741798120538
0.037369987714606284
0.04024826160274303
0.042167110890477914
0.04696423421112691
0.03513133028214399
0.04280672732487125
0.04056806981575624
0.05016231650521052
0.03097382370571989
0.043446343761837855
0.042486919107352895
0.044085960201377186
0.04888308357987234
0.04632461776001711
0.054639631824724755
0.05623867304071244
0.04760385066480641
0.0418473026742464
0.06423387936064405
0.04696423421112691
0.034811522080085824
0.054000015342814664
0.04024826160274303
0.05080193297173033
0.052400974149256735
0.05144154944081656
0.04824346712105507
0.04856327535014267
0.036730371302107906
0.054959440066641004
0.05144154944081656
0.04920289181024404
0.037369987714606284
0.05112174120595268
0.04088787802941326
0.03768979592182224
0.03097382370571989
0.04792365889260963
0.043446343761837855
0.04888308357987234
0.032253056486847384
0.04472557664348869
0.05144154944081656
0.042486919107352895
0.028095549985972176
0.05336039886346826
0.0415274944586584
0.06039618027719038
0.04056806981575624
0.05336039886346826
0.05176135767632191
0.053040590624756606
0.039928453390373674
0.052081165912468655
0.03864922054733631
0.059436755520712155
0.04312653554303293
0.04824346712105507
0.03864922054733631
0.04568500131147757
0.04728404243764548
0.052081165912468655
0.03800960412968261
0.04440576842211145
0.05687828953159107
0.04056806981575624
0.052081165912468655
0.041207686243713994
0.03417190567790465
0.03353228927830416
0.04280672732487125
0.04920289181024404
0.05112174120595268
0.05112174120595268
0.059436755520712155
0.03960864517864826
0.043766151981285965
0.042167110890477914
0.04312653554303293
0.043446343761837855
0.04568500131147757
0.039928453390373674
0.042486919107352895
0.042167110890477914
0.044085960201377186
0.049522700041257674
0.03449171387867269
0.05080193297173033
0.04728404243764548
0.02745593361091544
0.04920289181024404
0.032253056486847384
0.05719809777799087
0.054319823583449285
0.04024826160274303
0.05751790602503091
0.05048212473814959
0.03257286468374338
0.04056806981575624
0.037369987714606284
0.03960864517864826
0.049522700041257674
0.03864922054733631
0.052081165912468655
0.03800960412968261
0.05016231650521052
0.054639631824724755
0.05080193297173033
0.04760385066480641
0.03353228927830416
0.030334207319030995
0.054319823583449285
0.029374782743842753
0.03289267288128489
0.04536519308817182
0.05048212473814959
0.05272078238668607
0.06007637202439133
0.05112174120595268
0.04632461776001711
0.05751790602503091
0.07126966125244018
0.0418473026742464
0.042167110890477914
0.05080193297173033
0.044085960201377186
0.04792365889260963
0.054639631824724755
0.03449171387867269
0.039928453390373674
0.05112174120595268
0.043766151981285965
0.06007637202439133
0.06103579678470705
0.042486919107352895
0.04088787802941326
0.04504538486550883
0.05847733076999172
0.04888308357987234
0.0578377142727111
0.03896902875712951
0.053040590624756606
0.0578377142727111
0.03768979592182224
0.06455368762175187
0.035770946688195145
0.0578377142727111
0.03768979592182224
0.04536519308817182
0.054000015342814664
0.05847733076999172
0.03705017950803482
0.03449171387867269
0.0418473026742464
0.03768979592182224
0.04728404243764548
0.042486919107352895
0.05080193297173033
0.04536519308817182
0.054639631824724755
0.0418473026742464
0.042486919107352895
0.04792365889260963
0.054319823583449285
0.04888308357987234
0.05847733076999172
0.04792365889260963
0.04984250827291319
0.04760385066480641
0.04440576842211145
0.05975656377223191
0.028095549985972176
0.05112174120595268
0.04536519308817182
0.03321248107947184
0.04632461776001711
0.04728404243764548
0.04440576842211145
0.03193324829059697
0.046644425985250766
0.05112174120595268
0.04696423421112691
0.054639631824724755
0.03513133028214399
0.0418473026742464
0.03768979592182224
0.04024826160274303
0.039928453390373674
0.04760385066480641
0.039928453390373674
0.039928453390373674
0.044085960201377186
0.05048212473814959
0.054959440066641004
0.054319823583449285
0.04280672732487125
0.03960864517864826
0.03449171387867269
0.03193324829059697
0.05847733076999172
0.04280672732487125
0.04440576842211145
0.04312653554303293
0.04024826160274303
0.03864922054733631
0.04440576842211145
0.06071598853062898
0.04984250827291319
0.041207686243713994
0.04504538486550883
0.04824346712105507
0.03641056309682561
0.035770946688195145
0.044085960201377186
0.06135560503942454
0.043446343761837855
0.04472557664348869
0.042486919107352895
0.04504538486550883
0.054959440066641004
0.03768979592182224
0.04504538486550883
0.05048212473814959
0.04760385066480641
0.03768979592182224
0.05112174120595268
0.04984250827291319
0.046644425985250766
0.05879713901959199
0.05016231650521052
0.046644425985250766
0.04984250827291319
0.046644425985250766
0.04696423421112691
0.04824346712105507
0.042486919107352895
0.04536519308817182
0.04504538486550883
0.036730371302107906
0.043766151981285965
0.04888308357987234
0.03449171387867269
0.04440576842211145
0.05080193297173033
0.04920289181024404
0.054959440066641004
0.028415358174470287
0.04792365889260963
0.046644425985250766
0.04760385066480641
0.03545113848484713
0.05336039886346826
0.04632461776001711
0.042486919107352895
0.03545113848484713
0.043446343761837855
0.05272078238668607
0.030014399126655496
0.04536519308817182
0.043446343761837855
0.049522700041257674
0.036730371302107906
0.05144154944081656
0.04984250827291319
0.04472557664348869
0.04760385066480641
0.04440576842211145
0.05719809777799087
0.046004809535426024
0.04888308357987234
0.03768979592182224
0.054639631824724755
0.04632461776001711
0.04440576842211145
0.04760385066480641
0.05527924830919796
0.03832941233818732
0.043766151981285965
0.04888308357987234
0.061675413294781364
0.04504538486550883
0.046004809535426024
0.05016231650521052
0.04312653554303293
0.04888308357987234
0.04536519308817182
0.05336039886346826
0.03705017950803482
0.04888308357987234
0.04280672732487125
0.03768979592182224
0.0415274944586584
0.04280672732487125
0.052081165912468655
0.036090754892188
0.05719809777799087
0.03449171387867269
0.035770946688195145
0.037369987714606284
0.046644425985250766
0.035770946688195145
0.03768979592182224
0.05144154944081656
0.06071598853062898
0.034811522080085824
0.04312653554303293
0.04696423421112691
0.03960864517864826
0.053040590624756606
0.04888308357987234
0.04056806981575624
0.04504538486550883
0.04760385066480641
0.05975656377223191
0.03385209747778179
0.05080193297173033
0.03289267288128489
0.04824346712105507
0.054000015342814664
0.03832941233818732
0.05368020710282097
0.04632461776001711
0.02969459093492606
0.052400974149256735
0.04824346712105507
0.04024826160274303
0.04728404243764548
0.05144154944081656
0.06039618027719038
0.04824346712105507
0.05368020710282097
0.04984250827291319
0.044085960201377186
0.0415274944586584
0.04760385066480641
0.04632461776001711
0.05112174120595268
0.049522700041257674
0.06071598853062898
0.04472557664348869
0.04696423421112691
0.04536519308817182
0.04984250827291319
0.046644425985250766
0.04728404243764548
0.04056806981575624
0.042167110890477914
0.043766151981285965
0.04472557664348869
0.05591886479623375
0.04056806981575624
0.05527924830919796
0.05112174120595268
0.037369987714606284
0.03097382370571989
0.053040590624756606
0.052081165912468655
0.052081165912468655
0.05272078238668607
0.037369987714606284
0.043766151981285965
0.04888308357987234
0.04440576842211145
0.04856327535014267
0.03960864517864826
0.04760385066480641
0.054319823583449285
0.03800960412968261
0.0581575225210314
0.03545113848484713
0.03417190567790465
0.05016231650521052
0.03289267288128489
0.04856327535014267
0.05368020710282097
0.024897468136558316
0.02969459093492606
0.042167110890477914
0.05112174120595268
0.032253056486847384
0.04888308357987234
0.03960864517864826
0.05016231650521052
0.04472557664348869
0.03896902875712951
0.05527924830919796
0.0316134400949922
0.04440576842211145
0.049522700041257674
0.03768979592182224
0.04760385066480641
0.03289267288128489
0.04504538486550883
0.03545113848484713
0.03960864517864826
0.052081165912468655
0.039288836967566854
0.042486919107352895
0.05016231650521052
0.049522700041257674
0.054319823583449285
0.05623867304071244
0.0415274944586584
0.036730371302107906
0.054639631824724755
0.05975656377223191
0.05144154944081656
0.0418473026742464
0.04856327535014267
0.04312653554303293
0.046004809535426024
0.043766151981285965
0.04856327535014267
0.041207686243713994
0.05975656377223191
0.04696423421112691
0.046004809535426024
0.03417190567790465
0.059116947269832174
0.04984250827291319
0.04824346712105507
0.054639631824724755
0.05112174120595268
0.03289267288128489
0.054000015342814664
0.043446343761837855
0.04792365889260963
0.05016231650521052
0.03832941233818732
0.046644425985250766
0.05623867304071244
0.04440576842211145
0.04856327535014267
0.04824346712105507
0.05368020710282097
0.05112174120595268
0.06391407110017495
0.041207686243713994
0.04984250827291319
0.03896902875712951
0.05975656377223191
0.03896902875712951
0.04472557664348869
0.031293631900033154
0.04888308357987234
0.043446343761837855
0.03768979592182224
0.0418473026742464
0.05016231650521052
0.04536519308817182
0.03641056309682561
0.06647253720180818
0.044085960201377186
0.05368020710282097
0.03449171387867269
0.05176135767632191
0.049522700041257674
0.03832941233818732
0.04280672732487125
0.03832941233818732
0.04888308357987234
0.037369987714606284
0.042486919107352895
0.04856327535014267
0.04760385066480641
0.03832941233818732
0.05048212473814959
0.04824346712105507
0.054639631824724755
0.05847733076999172
0.04568500131147757
0.03800960412968261
0.028095549985972176
0.03513133028214399
0.04440576842211145
0.061675413294781364
0.04280672732487125
0.04760385066480641
0.04888308357987234
0.05144154944081656
0.04760385066480641
0.03513133028214399
0.05623867304071244
0.052081165912468655
0.054319823583449285
0.04472557664348869
0.0581575225210314
0.043766151981285965
0.04760385066480641
0.04792365889260963
0.039288836967566854
0.043766151981285965
0.05368020710282097
0.03513133028214399
0.04696423421112691
0.03960864517864826
0.05048212473814959
0.037369987714606284
0.04536519308817182
0.03321248107947184
0.04920289181024404
0.04440576842211145
0.04696423421112691
0.041207686243713994
0.041207686243713994
0.044085960201377186
0.04280672732487125
0.04504538486550883
0.04312653554303293
0.03960864517864826
0.05591886479623375
0.05368020710282097
0.059116947269832174
0.0581575225210314
0.04696423421112691
0.03832941233818732
0.05112174120595268
0.05623867304071244
0.04088787802941326
0.03321248107947184
0.030334207319030995
0.05655848128583157
0.039928453390373674
0.03449171387867269
0.046004809535426024
0.03705017950803482
0.042486919107352895
0.04440576842211145
0.043446343761837855
0.032253056486847384
0.04056806981575624
0.03193324829059697
0.035770946688195145
0.03800960412968261
0.04536519308817182
0.05080193297173033
0.04312653554303293
0.042486919107352895
0.049522700041257674
0.05112174120595268
0.04504538486550883
0.055599056552395575
0.05272078238668607
0.036090754892188
0.03768979592182224
0.04536519308817182
0.04312653554303293
0.04632461776001711
0.044085960201377186
0.054319823583449285
0.03800960412968261
0.04760385066480641
0.04504538486550883
0.05080193297173033
0.04696423421112691
0.04568500131147757
0.039288836967566854
0.053040590624756606
0.05368020710282097
0.043766151981285965
0.04472557664348869
0.06263483806468721
0.052400974149256735
0.043446343761837855
0.05144154944081656
0.054000015342814664
0.03705017950803482
0.036090754892188
0.052400974149256735
0.042486919107352895
0.039288836967566854
0.04728404243764548
0.05368020710282097
0.039288836967566854
0.053040590624756606
0.06039618027719038
0.04632461776001711
0.05144154944081656
0.044085960201377186
0.05176135767632191
0.06199522155077746
0.04312653554303293
0.043766151981285965
0.04056806981575624
0.03705017950803482
0.043766151981285965
0.04440576842211145
0.061675413294781364
0.05591886479623375
0.0316134400949922
0.059116947269832174
0.04536519308817182
0.05048212473814959
0.04984250827291319
0.04024826160274303
0.03193324829059697
0.04024826160274303
0.06135560503942454
0.05655848128583157
0.052081165912468655
0.04536519308817182
0.05368020710282097
0.03641056309682561
0.036090754892188
0.06103579678470705
0.037369987714606284
0.03832941233818732
0.043766151981285965
0.04472557664348869
0.03832941233818732
0.04792365889260963
0.052081165912468655
0.03800960412968261
0.04056806981575624
0.04024826160274303
0.049522700041257674
0.036090754892188
0.049522700041257674
0.04280672732487125
0.041207686243713994
0.043766151981285965
0.04472557664348869
0.06391407110017495
0.05080193297173033
0.05048212473814959
0.04568500131147757
0.04920289181024404
0.04632461776001711
0.030654015512052477
0.03768979592182224
0.05048212473814959
0.03705017950803482
0.04312653554303293
0.06391407110017495
0.04440576842211145
0.05591886479623375
0.04984250827291319
0.042486919107352895
0.039928453390373674
0.05048212473814959
0.04696423421112691
0.04472557664348869
0.041207686243713994
0.04728404243764548
0.05336039886346826
0.04728404243764548
0.03832941233818732
0.035770946688195145
0.05144154944081656
0.041207686243713994
0.043446343761837855
0.04856327535014267
0.04440576842211145
0.04440576842211145
0.049522700041257674
0.059116947269832174
0.05687828953159107
0.04984250827291319
0.04472557664348869
0.03257286468374338
0.054639631824724755
0.044085960201377186
0.05080193297173033
0.03832941233818732
0.046644425985250766
0.04984250827291319
0.0418473026742464
0.04760385066480641
0.04728404243764548
0.05687828953159107
0.05176135767632191
0.035770946688195145
0.03800960412968261
0.04984250827291319
0.04824346712105507
0.027136125424356953
0.03800960412968261
0.03385209747778179
0.04632461776001711
0.046004809535426024
0.039288836967566854
0.04760385066480641
0.05112174120595268
0.041207686243713994
0.03353228927830416
0.054319823583449285
0.041207686243713994
0.027775741798120538
0.04760385066480641
0.054000015342814664
0.04824346712105507
0.05176135767632191
0.04568500131147757
0.03257286468374338
0.04728404243764548
0.04312653554303293
0.06071598853062898
0.041207686243713994
0.04088787802941326
0.04568500131147757
0.04728404243764548
0.039928453390373674
0.053040590624756606
0.04920289181024404
0.04824346712105507
0.03705017950803482
0.05080193297173033
0.04792365889260963
0.04280672732487125
0.04472557664348869
0.06359426284034467
0.042486919107352895
0.03832941233818732
0.049522700041257674
0.04536519308817182
0.03513133028214399
0.05655848128583157
0.05687828953159107
0.04824346712105507
0.05527924830919796
0.0578377142727111
0.06999042815824331
0.044085960201377186
0.03896902875712951
0.044085960201377186
0.04888308357987234
0.06327445458115322
0.05336039886346826
0.04696423421112691
0.03321248107947184
0.05336039886346826
0.036730371302107906
0.04792365889260963
0.04472557664348869
0.046644425985250766
0.039288836967566854
0.052081165912468655
0.037369987714606284
0.05272078238668607
0.04056806981575624
0.049522700041257674
0.028095549985972176
0.04536519308817182
0.043766151981285965
0.039288836967566854
0.061675413294781364
0.05527924830919796
0.044085960201377186
0.049522700041257674
0.04920289181024404
0.04632461776001711
0.043446343761837855
0.05144154944081656
0.04280672732487125
0.03864922054733631
0.04696423421112691
0.052081165912468655
0.03864922054733631
0.041207686243713994
0.04696423421112691
0.05623867304071244
0.042167110890477914
0.054000015342814664
0.04856327535014267
0.04760385066480641
0.03193324829059697
0.04632461776001711
0.03800960412968261
0.05016231650521052
0.036730371302107906
0.03768979592182224
0.05879713901959199
0.0418473026742464
0.05591886479623375
0.05016231650521052
0.027136125424356953
0.043766151981285965
0.059436755520712155
0.042486919107352895
0.04440576842211145
0.05272078238668607
0.04056806981575624
0.03641056309682561
0.04856327535014267
0.04536519308817182
0.042167110890477914
0.04824346712105507
0.04088787802941326
0.06103579678470705
0.03353228927830416
0.04760385066480641
0.043446343761837855
0.054319823583449285
0.0415274944586584
0.049522700041257674
0.046004809535426024
0.03321248107947184
0.05368020710282097
0.04568500131147757
0.04696423421112691
0.04984250827291319
0.03289267288128489
0.04472557664348869
0.04920289181024404
0.043446343761837855
0.05879713901959199
0.05847733076999172
0.037369987714606284
0.04280672732487125
0.04280672732487125
0.04472557664348869
0.03800960412968261
0.04728404243764548
0.04760385066480641
0.04632461776001711
0.04440576842211145
0.044085960201377186
0.043446343761837855
0.04792365889260963
0.04728404243764548
0.05591886479623375
0.03193324829059697
0.04696423421112691
0.041207686243713994
0.046004809535426024
0.03864922054733631
0.043766151981285965
0.043446343761837855
0.04568500131147757
0.03705017950803482
0.052081165912468655
0.05975656377223191
0.05591886479623375
0.03513133028214399
0.052400974149256735
0.05527924830919796
0.03449171387867269
0.054000015342814664
0.032253056486847384
0.02457765995517516
0.05080193297173033
0.052400974149256735
0.042486919107352895
0.05272078238668607
0.03960864517864826
0.03289267288128489
0.03449171387867269
0.03896902875712951
0.029374782743842753
0.03800960412968261
0.054319823583449285
0.036730371302107906
0.04920289181024404
0.04056806981575624
0.03513133028214399
0.061675413294781364
0.0418473026742464
0.05847733076999172
0.032253056486847384
0.03705017950803482
0.06071598853062898
0.027775741798120538
0.04760385066480641